Name : 2024.09.01.12.25.19
Type : mo_asy

Batch size : 1000
Epochs : 200
Validation split : 0.2
Feats : 12
Res list : ['car_ms_idf_nb']

Test root_mean_squared_error : 1.7738481760025024
Test loss : 0.9073163270950317

Summary :

Model: "functional"
+--------------------------------------------------------------------------------------+
| Layer (type)                         | Output Shape                |         Param # |
|--------------------------------------+-----------------------------+-----------------|
| input_layer (InputLayer)             | (None, 12)                  |               0 |
|--------------------------------------+-----------------------------+-----------------|
| batch_normalization                  | (None, 12)                  |              48 |
| (BatchNormalization)                 |                             |                 |
|--------------------------------------+-----------------------------+-----------------|
| dense (Dense)                        | (None, 50)                  |             650 |
|--------------------------------------+-----------------------------+-----------------|
| dense_1 (Dense)                      | (None, 50)                  |           2,550 |
|--------------------------------------+-----------------------------+-----------------|
| dense_2 (Dense)                      | (None, 50)                  |           2,550 |
|--------------------------------------+-----------------------------+-----------------|
| car_ms_idf_nb (Dense)                | (None, 1)                   |              51 |
+--------------------------------------------------------------------------------------+
 Total params: 17,501 (68.37 KB)
 Trainable params: 5,825 (22.75 KB)
 Non-trainable params: 24 (96.00 B)
 Optimizer params: 11,652 (45.52 KB)

root_mean_squared_error : [6.2940168380737305, 6.3419904708862305, 6.39443302154541, 6.4511847496032715, 6.512322902679443, 6.578006744384766, 6.648452281951904, 6.7240214347839355, 6.802045822143555, 6.866997241973877, 6.914453029632568, 6.944180488586426, 6.955894947052002, 6.945618629455566, 6.9182915687561035, 6.882047176361084, 6.839722156524658, 6.792192459106445, 6.74017333984375, 6.684276103973389, 6.626947402954102, 6.568432331085205, 6.511632442474365, 6.459518909454346, 6.411857604980469, 6.3664326667785645, 6.323571681976318, 6.279874324798584, 6.23383092880249, 6.178996562957764, 6.1180644035339355, 6.051382064819336, 5.976083278656006, 5.8992486000061035, 5.820746421813965, 5.740451812744141, 5.658254146575928, 5.56822395324707, 5.471004486083984, 5.3705058097839355, 5.266716480255127, 5.1618266105651855, 5.055393218994141, 4.950333595275879, 4.846350193023682, 4.743478298187256, 4.629634857177734, 4.5082502365112305, 4.373510837554932, 4.226863384246826, 4.088918685913086, 3.948586940765381, 3.8015475273132324, 3.6630654335021973, 3.534266948699951, 3.399606704711914, 3.2588627338409424, 3.111701726913452, 2.974958658218384, 2.8455142974853516, 2.7186973094940186, 2.6018359661102295, 2.495645523071289, 2.3910317420959473, 2.298129081726074, 2.2168781757354736, 2.153428554534912, 2.101555585861206, 2.0557987689971924, 2.0146055221557617, 1.9860174655914307, 1.9750792980194092, 1.954345941543579, 1.9364675283432007, 1.9287712574005127, 1.9225494861602783, 1.9184563159942627, 1.9067308902740479, 1.8790943622589111, 1.8550138473510742, 1.826740026473999, 1.7922179698944092, 1.7519123554229736, 1.7065699100494385, 1.6795642375946045, 1.6718389987945557, 1.6615437269210815, 1.6381855010986328, 1.627137541770935, 1.6187764406204224, 1.6165233850479126, 1.61604642868042, 1.5963338613510132, 1.5613144636154175, 1.5242197513580322, 1.4860247373580933, 1.4528948068618774, 1.4178228378295898, 1.3849557638168335, 1.368495225906372, 1.346800684928894, 1.3348554372787476, 1.3121691942214966, 1.2989764213562012, 1.2899988889694214, 1.2767956256866455, 1.2416620254516602, 1.2212536334991455, 1.2099801301956177, 1.1847349405288696, 1.1507594585418701, 1.1359336376190186, 1.1313624382019043, 1.0978646278381348, 1.0739048719406128, 1.0602260828018188, 1.0577584505081177, 1.0203757286071777, 0.9863667488098145, 0.9625452160835266, 0.9447499513626099, 0.9204918146133423, 0.9059706926345825, 0.8867363929748535, 0.8725813627243042, 0.8504066467285156, 0.8390917778015137, 0.8074735403060913, 0.786798357963562, 0.7816848158836365, 0.7766208648681641, 0.7281259298324585, 0.6784428954124451, 0.6476631164550781, 0.6236074566841125, 0.6013835072517395, 0.5733394622802734, 0.5573158264160156, 0.5414674282073975, 0.5134721398353577, 0.5107406973838806, 0.49186715483665466, 0.455156534910202, 0.4391933083534241, 0.42861947417259216, 0.40581879019737244, 0.38147231936454773, 0.3779236376285553, 0.3519432544708252, 0.31031903624534607, 0.2935011684894562, 0.28016865253448486, 0.24924081563949585, 0.23110996186733246, 0.23292994499206543, 0.2099013328552246, 0.19174817204475403, 0.1790885329246521, 0.18796390295028687, 0.1921193152666092, 0.18711039423942566, 0.20896710455417633, 0.1970546394586563, 0.1833164542913437, 0.20082733035087585, 0.22675630450248718, 0.20970000326633453, 0.19048045575618744, 0.19813670217990875, 0.19419924914836884, 0.20984503626823425, 0.20304010808467865, 0.18685151636600494, 0.1977526843547821, 0.24071170389652252, 0.19837553799152374, 0.1824411004781723, 0.20351286232471466, 0.167335644364357, 0.1980181187391281, 0.21832513809204102, 0.20392295718193054, 0.19581684470176697, 0.17793750762939453, 0.15971338748931885, 0.17372488975524902, 0.16131170094013214, 0.1603904515504837, 0.1738802194595337, 0.16232265532016754, 0.16714340448379517, 0.1569335013628006, 0.15372610092163086, 0.15636737644672394, 0.15605375170707703, 0.1481906622648239, 0.15572164952754974, 0.16710913181304932, 0.1619628518819809, 0.16022543609142303]

Loss : [4.049424648284912, 3.9723048210144043, 3.8943023681640625, 3.814589738845825, 3.7324020862579346, 3.647064685821533, 3.5579347610473633, 3.4693667888641357, 3.437130928039551, 3.4198086261749268, 3.4120705127716064, 3.396244764328003, 3.3793177604675293, 3.3534669876098633, 3.319631576538086, 3.2907257080078125, 3.2626454830169678, 3.232653856277466, 3.2009754180908203, 3.1703498363494873, 3.14091420173645, 3.112903594970703, 3.0843493938446045, 3.053164482116699, 3.0193068981170654, 2.982517957687378, 2.9432241916656494, 2.906985282897949, 2.870637893676758, 2.835231065750122, 2.7991607189178467, 2.761154890060425, 2.7211639881134033, 2.6795966625213623, 2.635666608810425, 2.5891733169555664, 2.5426464080810547, 2.492929697036743, 2.4396557807922363, 2.384190797805786, 2.325956106185913, 2.2647106647491455, 2.2009754180908203, 2.1321048736572266, 2.057107448577881, 1.9784537553787231, 1.904815435409546, 1.8215994834899902, 1.732707142829895, 1.6434087753295898, 1.558180809020996, 1.4655307531356812, 1.3700577020645142, 1.2865370512008667, 1.2133864164352417, 1.1456849575042725, 1.108611822128296, 1.0763237476348877, 1.0355443954467773, 0.9971794486045837, 0.9527603983879089, 0.9087322354316711, 0.8617320656776428, 0.8087513446807861, 0.7571597695350647, 0.7314884066581726, 0.7106598019599915, 0.707899272441864, 0.7049129605293274, 0.6955243945121765, 0.678421676158905, 0.6601109504699707, 0.629746675491333, 0.6307476162910461, 0.6330074071884155, 0.6190049648284912, 0.6085977554321289, 0.6019254326820374, 0.5848262906074524, 0.5703744888305664, 0.547270655632019, 0.5284156799316406, 0.5056392550468445, 0.496976763010025, 0.48368901014328003, 0.4689036011695862, 0.46806851029396057, 0.4666937291622162, 0.46749424934387207, 0.45328089594841003, 0.4325396418571472, 0.43160372972488403, 0.43886685371398926, 0.42464014887809753, 0.4170573949813843, 0.4063408076763153, 0.40446433424949646, 0.3936206102371216, 0.38882988691329956, 0.39289912581443787, 0.3767364025115967, 0.3774649500846863, 0.3727515637874603, 0.3657935559749603, 0.3654703199863434, 0.35881146788597107, 0.3504963517189026, 0.3389095366001129, 0.3396058976650238, 0.33138129115104675, 0.3406560719013214, 0.3189896047115326, 0.3270946443080902, 0.31346967816352844, 0.31374675035476685, 0.29494500160217285, 0.30476394295692444, 0.2888990342617035, 0.2854968011379242, 0.284365713596344, 0.2752614915370941, 0.27924466133117676, 0.263009637594223, 0.2647364139556885, 0.25443020462989807, 0.2565672993659973, 0.25036269426345825, 0.2604455053806305, 0.2534266412258148, 0.2499096542596817, 0.2626500427722931, 0.23184490203857422, 0.2558209300041199, 0.24260175228118896, 0.2318696528673172, 0.2425859570503235, 0.22708752751350403, 0.21967391669750214, 0.22303566336631775, 0.20879149436950684, 0.20335882902145386, 0.1943100243806839, 0.21041035652160645, 0.19923193752765656, 0.1841454952955246, 0.1801765412092209, 0.18558403849601746, 0.1775449514389038, 0.17254042625427246, 0.16409488022327423, 0.1520862728357315, 0.15906012058258057, 0.14660386741161346, 0.1406305730342865, 0.14623993635177612, 0.130835622549057, 0.13354997336864471, 0.10916218161582947, 0.12110031396150589, 0.12419947981834412, 0.11589846014976501, 0.14430013298988342, 0.1322721540927887, 0.1419135183095932, 0.14161376655101776, 0.16320066154003143, 0.14283178746700287, 0.14456148445606232, 0.14513687789440155, 0.13444246351718903, 0.15679413080215454, 0.14499682188034058, 0.135467067360878, 0.14109793305397034, 0.1787368357181549, 0.1331588327884674, 0.1366744339466095, 0.16193938255310059, 0.12430700659751892, 0.14497342705726624, 0.14860928058624268, 0.1416766345500946, 0.13602663576602936, 0.12938058376312256, 0.10547148436307907, 0.13158826529979706, 0.11079365015029907, 0.10194619745016098, 0.11802181601524353, 0.09675376117229462, 0.10728251188993454, 0.09590259194374084, 0.09230762720108032, 0.09341780841350555, 0.09945418685674667, 0.0902106985449791, 0.10365944355726242, 0.10737133026123047, 0.10078058391809464, 0.11636298894882202]

Validation root_mean_squared_error : [10.747004508972168, 10.8755464553833, 11.00886058807373, 11.147191047668457, 11.290839195251465, 11.440070152282715, 11.595333099365234, 11.75012493133545, 11.88010025024414, 11.975698471069336, 12.039745330810547, 12.071696281433105, 12.063505172729492, 12.02400016784668, 11.970032691955566, 11.906545639038086, 11.834776878356934, 11.755691528320312, 11.670065879821777, 11.582026481628418, 11.491938591003418, 11.40604305267334, 11.328836441040039, 11.259943008422852, 11.194758415222168, 11.133710861206055, 11.07142448425293, 11.002354621887207, 10.915214538574219, 10.815620422363281, 10.704207420349121, 10.575796127319336, 10.444456100463867, 10.309934616088867, 10.17196273803711, 10.030265808105469, 9.87352466583252, 9.70279312133789, 9.524516105651855, 9.338669776916504, 9.150619506835938, 8.959565162658691, 8.767280578613281, 8.57329273223877, 8.377325057983398, 8.158175468444824, 7.935146808624268, 7.68882417678833, 7.420920372009277, 7.170378684997559, 6.903162956237793, 6.615569591522217, 6.3386616706848145, 6.084789276123047, 5.823994159698486, 5.557516574859619, 5.283811569213867, 5.040992736816406, 4.813103675842285, 4.594083786010742, 4.395504951477051, 4.216313362121582, 4.038439750671387, 3.8841047286987305, 3.750566244125366, 3.647799015045166, 3.564685583114624, 3.4966793060302734, 3.447688102722168, 3.4321858882904053, 3.4567313194274902, 3.475701093673706, 3.487194538116455, 3.5107226371765137, 3.5406196117401123, 3.5633511543273926, 3.5614612102508545, 3.5178961753845215, 3.4777212142944336, 3.4350922107696533, 3.3835256099700928, 3.3142170906066895, 3.2266218662261963, 3.1732940673828125, 3.1579346656799316, 3.1353847980499268, 3.092880964279175, 3.0888144969940186, 3.1054728031158447, 3.143852472305298, 3.1808156967163086, 3.1628026962280273, 3.1183583736419678, 3.0478639602661133, 2.963416337966919, 2.9006314277648926, 2.8552961349487305, 2.8265578746795654, 2.8259668350219727, 2.7923574447631836, 2.7688515186309814, 2.7264227867126465, 2.722102165222168, 2.7206521034240723, 2.702852725982666, 2.6428558826446533, 2.626013994216919, 2.6206326484680176, 2.582812786102295, 2.5246379375457764, 2.5077011585235596, 2.4921255111694336, 2.434886932373047, 2.4041359424591064, 2.411581516265869, 2.430497646331787, 2.3835604190826416, 2.336198091506958, 2.298856019973755, 2.2768943309783936, 2.238903522491455, 2.242039918899536, 2.2243635654449463, 2.194875717163086, 2.158830404281616, 2.1559410095214844, 2.1346542835235596, 2.113147497177124, 2.108694076538086, 2.0993359088897705, 2.0288054943084717, 1.9585466384887695, 1.9411404132843018, 1.9340810775756836, 1.910578727722168, 1.892002820968628, 1.8843424320220947, 1.8606151342391968, 1.825171947479248, 1.8287889957427979, 1.8142006397247314, 1.7705096006393433, 1.741502046585083, 1.7261449098587036, 1.713546872138977, 1.7138861417770386, 1.730505108833313, 1.715309977531433, 1.657730221748352, 1.617496132850647, 1.5998672246932983, 1.6056568622589111, 1.5980581045150757, 1.598301887512207, 1.5765869617462158, 1.5601674318313599, 1.5407854318618774, 1.5268700122833252, 1.5175508260726929, 1.5011433362960815, 1.4983292818069458, 1.5007216930389404, 1.5072580575942993, 1.509316325187683, 1.4994953870773315, 1.481768012046814, 1.4761048555374146, 1.4845917224884033, 1.514532446861267, 1.5246398448944092, 1.5043025016784668, 1.4741835594177246, 1.4378819465637207, 1.4340051412582397, 1.4581252336502075, 1.5093516111373901, 1.5309091806411743, 1.5186858177185059, 1.4815773963928223, 1.441027045249939, 1.4323606491088867, 1.4596433639526367, 1.4934930801391602, 1.5184154510498047, 1.5170832872390747, 1.4997177124023438, 1.4784209728240967, 1.4562665224075317, 1.4415006637573242, 1.4382253885269165, 1.4506951570510864, 1.462039589881897, 1.4735842943191528, 1.4935866594314575, 1.4854975938796997, 1.4670817852020264, 1.4608293771743774, 1.465538501739502, 1.4749901294708252, 1.473070740699768]

Validation loss : [8.076276779174805, 8.0830078125, 8.090450286865234, 8.098321914672852, 8.106452941894531, 8.114645004272461, 8.124080657958984, 8.165928840637207, 8.208358764648438, 8.244698524475098, 8.269631385803223, 8.273272514343262, 8.251346588134766, 8.20970344543457, 8.16031265258789, 8.1072359085083, 8.052513122558594, 7.993999004364014, 7.931964874267578, 7.871097087860107, 7.811809062957764, 7.7540693283081055, 7.698535919189453, 7.645126819610596, 7.591717720031738, 7.538619518280029, 7.48732328414917, 7.432007312774658, 7.369598388671875, 7.298686504364014, 7.219457149505615, 7.126074314117432, 7.029160976409912, 6.928462982177734, 6.825063228607178, 6.72100830078125, 6.610963344573975, 6.493574619293213, 6.3696980476379395, 6.238980770111084, 6.103478908538818, 5.962502956390381, 5.813429355621338, 5.655819892883301, 5.489164352416992, 5.306466579437256, 5.125118255615234, 4.931777000427246, 4.735427379608154, 4.535828590393066, 4.316150188446045, 4.088120460510254, 3.8517234325408936, 3.6172821521759033, 3.382988929748535, 3.173285722732544, 2.992780923843384, 2.8416059017181396, 2.69928240776062, 2.559391498565674, 2.431448459625244, 2.3216936588287354, 2.2160680294036865, 2.1130545139312744, 2.0049681663513184, 1.900088906288147, 1.8116517066955566, 1.7367658615112305, 1.7021666765213013, 1.709097146987915, 1.7448097467422485, 1.8095811605453491, 1.8804144859313965, 1.9192997217178345, 1.9463680982589722, 1.9647935628890991, 1.972187876701355, 1.9488343000411987, 1.9140663146972656, 1.8746238946914673, 1.8398858308792114, 1.7944819927215576, 1.7528849840164185, 1.6964294910430908, 1.6569421291351318, 1.6216967105865479, 1.6021095514297485, 1.623462438583374, 1.6615217924118042, 1.7174092531204224, 1.7869561910629272, 1.8032878637313843, 1.7776885032653809, 1.706752896308899, 1.611926555633545, 1.5448909997940063, 1.523465633392334, 1.545151710510254, 1.5697273015975952, 1.5472851991653442, 1.5138657093048096, 1.4823575019836426, 1.4860613346099854, 1.4875563383102417, 1.4817745685577393, 1.4671239852905273, 1.4717938899993896, 1.4696955680847168, 1.4605823755264282, 1.450688362121582, 1.424311876296997, 1.3817479610443115, 1.3519175052642822, 1.3449825048446655, 1.3615461587905884, 1.383284568786621, 1.3776347637176514, 1.3463006019592285, 1.312126636505127, 1.2959097623825073, 1.287673830986023, 1.2959203720092773, 1.2968798875808716, 1.2666089534759521, 1.251583456993103, 1.2468023300170898, 1.2779797315597534, 1.2813811302185059, 1.2661552429199219, 1.2320778369903564, 1.1912270784378052, 1.1706514358520508, 1.1622408628463745, 1.1690986156463623, 1.1781907081604004, 1.179355502128601, 1.1527525186538696, 1.137349009513855, 1.1281650066375732, 1.135474443435669, 1.127806305885315, 1.1311196088790894, 1.0780267715454102, 1.059930682182312, 1.0759059190750122, 1.107465386390686, 1.1118605136871338, 1.110694169998169, 1.0773814916610718, 1.0233463048934937, 0.997124433517456, 1.0474570989608765, 1.0589689016342163, 1.0246047973632812, 1.0196369886398315, 1.0272103548049927, 1.0051792860031128, 0.9767549633979797, 0.9945196509361267, 0.978813111782074, 0.951097846031189, 0.967764675617218, 1.0083674192428589, 1.003265142440796, 0.9589877128601074, 0.9341592192649841, 0.9619891047477722, 0.974088728427887, 0.9869555234909058, 0.9902427792549133, 0.9760263562202454, 0.9466593265533447, 0.8784546852111816, 0.8458736538887024, 0.8922080993652344, 1.0017772912979126, 1.0420751571655273, 1.0106390714645386, 0.9326770901679993, 0.8721917867660522, 0.8641060590744019, 0.9215250611305237, 0.9713882803916931, 0.9936916828155518, 0.9931084513664246, 0.9601432085037231, 0.9358219504356384, 0.9089592695236206, 0.8785809278488159, 0.8670641183853149, 0.8828963041305542, 0.9032869935035706, 0.9193865656852722, 0.9410149455070496, 0.9347739815711975, 0.9242684245109558, 0.8939374089241028, 0.905320942401886, 0.939475417137146, 0.9176368713378906]

