Name : 2024.09.01.12.21.38
Type : mo_asy

Batch size : 1000
Epochs : 400
Validation split : 0.2
Feats : 12
Res list : ['car_ms_res_nb']

Test root_mean_squared_error : 10.236394882202148
Test loss : 7.430830001831055

Summary :

Model: "functional"
+--------------------------------------------------------------------------------------+
| Layer (type)                         | Output Shape                |         Param # |
|--------------------------------------+-----------------------------+-----------------|
| input_layer (InputLayer)             | (None, 12)                  |               0 |
|--------------------------------------+-----------------------------+-----------------|
| batch_normalization                  | (None, 12)                  |              48 |
| (BatchNormalization)                 |                             |                 |
|--------------------------------------+-----------------------------+-----------------|
| dense (Dense)                        | (None, 50)                  |             650 |
|--------------------------------------+-----------------------------+-----------------|
| dense_1 (Dense)                      | (None, 50)                  |           2,550 |
|--------------------------------------+-----------------------------+-----------------|
| dense_2 (Dense)                      | (None, 50)                  |           2,550 |
|--------------------------------------+-----------------------------+-----------------|
| car_ms_res_nb (Dense)                | (None, 1)                   |              51 |
+--------------------------------------------------------------------------------------+
 Total params: 17,501 (68.37 KB)
 Trainable params: 5,825 (22.75 KB)
 Non-trainable params: 24 (96.00 B)
 Optimizer params: 11,652 (45.52 KB)

root_mean_squared_error : [77.16028594970703, 77.08438110351562, 77.00701141357422, 76.9272689819336, 76.8444595336914, 76.75798034667969, 76.66730499267578, 76.57188415527344, 76.47119903564453, 76.36468505859375, 76.25180053710938, 76.13195037841797, 76.00454711914062, 75.86897277832031, 75.724609375, 75.57080841064453, 75.40692138671875, 75.2322769165039, 75.04619598388672, 74.84798431396484, 74.63693237304688, 74.41236114501953, 74.1735610961914, 73.91986846923828, 73.6506118774414, 73.36515808105469, 73.06291198730469, 72.74330139160156, 72.40584564208984, 72.05011749267578, 71.67578125, 71.28262329101562, 70.87054443359375, 70.4395980834961, 69.99000549316406, 69.52214813232422, 69.03662109375, 68.5341796875, 68.0158462524414, 67.48281860351562, 66.9365463256836, 66.37866973876953, 65.81108856201172, 65.23587799072266, 64.65532684326172, 64.07189178466797, 63.48817443847656, 62.90690994262695, 62.330963134765625, 61.763240814208984, 61.20672607421875, 60.664424896240234, 60.13932418823242, 59.63439178466797, 59.15251541137695, 58.696502685546875, 58.26902389526367, 57.87263107299805, 57.50970458984375, 57.182437896728516, 56.89284896850586, 56.642738342285156, 56.433712005615234, 56.267417907714844, 56.14442443847656, 56.065181732177734, 56.03001403808594, 56.03913116455078, 56.09261703491211, 56.18695068359375, 56.31946563720703, 56.48870849609375, 56.69342041015625, 56.929351806640625, 57.18846130371094, 57.4612922668457, 57.73655319213867, 58.01081085205078, 58.269508361816406, 58.490970611572266, 58.65948486328125, 58.76705551147461, 58.806800842285156, 58.77408981323242, 58.66441345214844, 58.48618698120117, 58.24790573120117, 57.96645736694336, 57.64796829223633, 57.3045654296875, 56.952117919921875, 56.59196472167969, 56.22527313232422, 55.858177185058594, 55.50115203857422, 55.15690231323242, 54.828041076660156, 54.51713180541992, 54.22035217285156, 53.93440246582031, 53.656394958496094, 53.38788604736328, 53.1261100769043, 52.868717193603516, 52.60969924926758, 52.34785842895508, 52.082237243652344, 51.812137603759766, 51.53718185424805, 51.257320404052734, 50.9728889465332, 50.68464279174805, 50.39377975463867, 50.10196304321289, 49.811283111572266, 49.51619338989258, 49.2198600769043, 48.925514221191406, 48.630672454833984, 48.33901596069336, 48.04878234863281, 47.763336181640625, 47.48551559448242, 47.21754455566406, 46.96101379394531, 46.716949462890625, 46.485809326171875, 46.26759338378906, 46.067771911621094, 45.884986877441406, 45.71780776977539, 45.56477355957031, 45.424461364746094, 45.295536041259766, 45.1767463684082, 45.06696701049805, 44.96520233154297, 44.865116119384766, 44.76634216308594, 44.6685676574707, 44.571510314941406, 44.46888732910156, 44.36101150512695, 44.25979995727539, 44.16438674926758, 44.07396697998047, 43.98164749145508, 43.88724136352539, 43.790531158447266, 43.69129180908203, 43.58926773071289, 43.484214782714844, 43.375858306884766, 43.26393127441406, 43.148155212402344, 43.028263092041016, 42.90399932861328, 42.775123596191406, 42.64143753051758, 42.50189208984375, 42.35643005371094, 42.20506286621094, 42.047882080078125, 41.88508605957031, 41.71625518798828, 41.54169464111328, 41.36182403564453, 41.17715835571289, 40.98829650878906, 40.802764892578125, 40.6204948425293, 40.441585540771484, 40.26628875732422, 40.0949592590332, 39.928070068359375, 39.766170501708984, 39.609832763671875, 39.45963668823242, 39.31615447998047, 39.179893493652344, 39.05128479003906, 38.93068313598633, 38.81167221069336, 38.69501495361328, 38.58124542236328, 38.470706939697266, 38.36354064941406, 38.259708404541016, 38.16576385498047, 38.08082580566406, 38.00402069091797, 37.93447494506836, 37.8641357421875, 37.79248046875, 37.718849182128906, 37.64242172241211, 37.56218338012695, 37.48491668701172, 37.408935546875, 37.33236312866211, 37.25299072265625, 37.158897399902344, 37.04667282104492, 36.90574645996094, 36.7314338684082, 36.52924728393555, 36.29948425292969, 36.03546142578125, 35.7308235168457, 35.37321090698242, 34.955928802490234, 34.469444274902344, 33.90067672729492, 33.23422622680664, 32.455078125, 31.551233291625977, 30.515432357788086, 29.346641540527344, 28.05142593383789, 26.64421272277832, 25.153141021728516, 23.601951599121094, 22.015308380126953, 20.417499542236328, 18.832544326782227, 17.28520393371582, 15.814391136169434, 14.45359992980957, 13.232645034790039, 12.172971725463867, 11.283921241760254, 10.558805465698242, 9.979959487915039, 9.52324104309082, 9.162875175476074, 8.875310897827148, 8.63742733001709, 8.433731079101562, 8.256216049194336, 8.099560737609863, 7.9615397453308105, 7.834522247314453, 7.719645023345947, 7.615489959716797, 7.51830530166626, 7.434542179107666, 7.362182140350342, 7.299501895904541, 7.2485456466674805, 7.20750093460083, 7.178348064422607, 7.157037734985352, 7.142937660217285, 7.1356587409973145, 7.135004043579102, 7.135171413421631, 7.141585826873779, 7.147858142852783, 7.146462440490723, 7.123380661010742, 7.088097095489502, 7.049641132354736, 7.009583473205566, 6.9743523597717285, 6.952417850494385, 6.9453206062316895, 6.943050861358643, 6.945802211761475, 6.953911304473877, 6.949116230010986, 6.931942939758301, 6.904873371124268, 6.8861565589904785, 6.874095916748047, 6.867641925811768, 6.866261959075928, 6.8698039054870605, 6.878393173217773, 6.892347812652588, 6.899255752563477, 6.898974895477295, 6.898100852966309, 6.896651268005371, 6.894655704498291, 6.89216423034668, 6.889232158660889, 6.879651069641113, 6.870429515838623, 6.8615193367004395, 6.852888107299805, 6.844516754150391, 6.836400508880615, 6.822872638702393, 6.816434383392334, 6.822237491607666, 6.827704429626465, 6.826204776763916, 6.824191570281982, 6.827681541442871, 6.824230194091797, 6.820446968078613, 6.816371440887451, 6.806163787841797, 6.808920860290527, 6.811558246612549, 6.807248592376709, 6.802774906158447, 6.811084747314453, 6.811911106109619, 6.80576753616333, 6.805977821350098, 6.799319267272949, 6.799075603485107, 6.792010307312012, 6.785823345184326, 6.7997822761535645, 6.805758476257324, 6.803966045379639, 6.801901340484619, 6.8062591552734375, 6.802889347076416, 6.799388408660889, 6.795779705047607, 6.785340309143066, 6.782154083251953, 6.786183834075928, 6.782558441162109, 6.7721452713012695, 6.76964807510376, 6.780877113342285, 6.783926486968994, 6.779291152954102, 6.774763584136963, 6.784574031829834, 6.786094665527344, 6.779971122741699, 6.781001567840576, 6.788764953613281, 6.788143634796143, 6.779750347137451, 6.764832019805908, 6.758876323699951, 6.775003433227539, 6.782407760620117, 6.781332492828369, 6.7800068855285645, 6.785775661468506, 6.783097267150879, 6.780304908752441, 6.784958839416504, 6.781114101409912, 6.769692897796631, 6.752175807952881, 6.758564472198486, 6.779747486114502, 6.7915754318237305, 6.793910503387451, 6.787529945373535, 6.773854732513428, 6.769020080566406, 6.7717366218566895, 6.781780242919922, 6.782739639282227, 6.775112628936768, 6.760122299194336, 6.739480018615723, 6.743675708770752, 6.771205902099609, 6.789151668548584, 6.787954807281494, 6.769595623016357, 6.753444194793701, 6.746448516845703, 6.755717754364014, 6.7560715675354, 6.748128414154053, 6.741284370422363, 6.743088245391846, 6.760615825653076, 6.776856899261475, 6.783017635345459, 6.770751953125, 6.75973653793335, 6.75760555267334, 6.763541221618652, 6.7603631019592285, 6.748947620391846, 6.730795383453369, 6.730403900146484, 6.746114253997803, 6.752252101898193, 6.749156951904297, 6.737975597381592, 6.736371994018555, 6.7512664794921875, 6.764932632446289, 6.768539905548096, 6.753898620605469, 6.748942852020264, 6.752450942993164]

Loss : [76.84063720703125, 76.7573471069336, 76.67206573486328, 76.5839614868164, 76.49224853515625, 76.3962631225586, 76.29537200927734, 76.18898010253906, 76.07644653320312, 75.95716094970703, 75.8304214477539, 75.69554138183594, 75.55176544189453, 75.3983383178711, 75.23443603515625, 75.05927276611328, 74.87193298339844, 74.6715316772461, 74.45711517333984, 74.2276840209961, 73.98223114013672, 73.71968841552734, 73.43900299072266, 73.13905334472656, 72.8187484741211, 72.4769287109375, 72.11248779296875, 71.7242660522461, 71.3111572265625, 70.87206268310547, 70.40592193603516, 69.91173553466797, 69.38859558105469, 68.83565521240234, 68.25220489501953, 67.63760375976562, 66.99139404296875, 66.3132095336914, 65.60285186767578, 64.86027526855469, 64.08557891845703, 63.2790412902832, 62.441097259521484, 61.572357177734375, 60.67353820800781, 59.745548248291016, 58.789390563964844, 57.806217193603516, 56.79726028442383, 55.763858795166016, 54.7073974609375, 53.62932586669922, 52.53110122680664, 51.41419219970703, 50.2800407409668, 49.13005447387695, 47.96558380126953, 46.78791046142578, 45.598236083984375, 44.39766311645508, 43.18718338012695, 41.96771240234375, 40.74108123779297, 39.59262466430664, 38.44148254394531, 37.28753662109375, 36.130645751953125, 34.970611572265625, 33.86007308959961, 32.918148040771484, 32.01469802856445, 31.118764877319336, 30.22968101501465, 29.537832260131836, 28.9920711517334, 28.603500366210938, 28.308452606201172, 28.091915130615234, 27.983627319335938, 28.07264518737793, 28.151935577392578, 28.221275329589844, 28.27313804626465, 28.263900756835938, 28.183452606201172, 28.029842376708984, 27.820999145507812, 27.576637268066406, 27.31328773498535, 27.0449275970459, 26.80887222290039, 26.567445755004883, 26.34996223449707, 26.168899536132812, 26.018268585205078, 25.895572662353516, 25.794618606567383, 25.70124626159668, 25.599756240844727, 25.490154266357422, 25.375104904174805, 25.248666763305664, 25.10883331298828, 24.956714630126953, 24.799213409423828, 24.6329345703125, 24.45759391784668, 24.272912979125977, 24.078657150268555, 23.8746280670166, 23.660724639892578, 23.436941146850586, 23.203384399414062, 22.960317611694336, 22.71320915222168, 22.493078231811523, 22.268692016601562, 22.047082901000977, 21.825096130371094, 21.606441497802734, 21.389009475708008, 21.170557022094727, 20.952905654907227, 20.737712860107422, 20.526451110839844, 20.320390701293945, 20.120590209960938, 19.932310104370117, 19.755794525146484, 19.587520599365234, 19.427282333374023, 19.27472496032715, 19.1294002532959, 18.99078941345215, 18.858333587646484, 18.731456756591797, 18.610506057739258, 18.495134353637695, 18.383773803710938, 18.276092529296875, 18.1729793548584, 18.071474075317383, 17.973556518554688, 17.880067825317383, 17.788434982299805, 17.699203491210938, 17.612546920776367, 17.527774810791016, 17.444705963134766, 17.3631649017334, 17.282974243164062, 17.203947067260742, 17.125896453857422, 17.048625946044922, 16.97193717956543, 16.8956241607666, 16.819486618041992, 16.743305206298828, 16.669097900390625, 16.59494972229004, 16.519723892211914, 16.443233489990234, 16.36530876159668, 16.28695297241211, 16.217052459716797, 16.14476776123047, 16.070287704467773, 15.993776321411133, 15.919158935546875, 15.843609809875488, 15.766688346862793, 15.688509941101074, 15.609208106994629, 15.528940200805664, 15.447895050048828, 15.366284370422363, 15.284339904785156, 15.202308654785156, 15.120454788208008, 15.039034843444824, 14.958303451538086, 14.878556251525879, 14.8026762008667, 14.727842330932617, 14.654345512390137, 14.582425117492676, 14.512260437011719, 14.445178031921387, 14.380542755126953, 14.317434310913086, 14.2557954788208, 14.196093559265137, 14.139044761657715, 14.083306312561035, 14.028726577758789, 13.975115776062012, 13.923905372619629, 13.872662544250488, 13.821099281311035, 13.768899917602539, 13.7174711227417, 13.664775848388672, 13.611222267150879, 13.552642822265625, 13.491008758544922, 13.426173210144043, 13.354665756225586, 13.274675369262695, 13.18685531616211, 13.089123725891113, 12.979872703552246, 12.85695743560791, 12.717366218566895, 12.557466506958008, 12.373603820800781, 12.162647247314453, 11.922390937805176, 11.651920318603516, 11.35205364227295, 11.02649211883545, 10.679591178894043, 10.314971923828125, 9.938586235046387, 9.557812690734863, 9.18979549407959, 8.837246894836426, 8.499900817871094, 8.180257797241211, 7.882065773010254, 7.610067367553711, 7.362166404724121, 7.136410236358643, 6.930392742156982, 6.741468906402588, 6.567023754119873, 6.418130397796631, 6.283618927001953, 6.1505937576293945, 6.021193504333496, 5.8962602615356445, 5.779766082763672, 5.66864013671875, 5.562127590179443, 5.46282958984375, 5.383342742919922, 5.315097808837891, 5.2531256675720215, 5.203224182128906, 5.1570234298706055, 5.114342212677002, 5.0727996826171875, 5.033880710601807, 4.996275424957275, 4.959583282470703, 4.927010536193848, 4.901300430297852, 4.879398822784424, 4.859886646270752, 4.854616641998291, 4.840636253356934, 4.820562839508057, 4.803541660308838, 4.791590213775635, 4.787298679351807, 4.783031463623047, 4.764385223388672, 4.7515130043029785, 4.737949371337891, 4.737377643585205, 4.7334794998168945, 4.718447208404541, 4.706596851348877, 4.703200340270996, 4.698339462280273, 4.69212532043457, 4.684668064117432, 4.676070213317871, 4.666431903839111, 4.660701751708984, 4.657775402069092, 4.651774883270264, 4.647657871246338, 4.643348217010498, 4.638864994049072, 4.634223461151123, 4.630598545074463, 4.625645160675049, 4.621634006500244, 4.61745023727417, 4.6131157875061035, 4.60866117477417, 4.606429100036621, 4.602669715881348, 4.601678848266602, 4.599369049072266, 4.596556186676025, 4.591396808624268, 4.5901408195495605, 4.586972713470459, 4.584258079528809, 4.581605434417725, 4.579016208648682, 4.578226089477539, 4.574591159820557, 4.5730133056640625, 4.569230556488037, 4.5705180168151855, 4.565598011016846, 4.563777923583984, 4.562462329864502, 4.557678699493408, 4.558274269104004, 4.5546650886535645, 4.552333831787109, 4.555990695953369, 4.550271987915039, 4.549767017364502, 4.54580545425415, 4.5454020500183105, 4.542970180511475, 4.540835380554199, 4.539034366607666, 4.537293910980225, 4.53640604019165, 4.533390045166016, 4.535003185272217, 4.532945156097412, 4.5299811363220215, 4.530490875244141, 4.527149677276611, 4.5262861251831055, 4.522640705108643, 4.5247297286987305, 4.520176410675049, 4.518725872039795, 4.52083158493042, 4.517053604125977, 4.519120216369629, 4.519891738891602, 4.516046047210693, 4.510936737060547, 4.517704010009766, 4.508337497711182, 4.5085296630859375, 4.505603790283203, 4.507584571838379, 4.5031914710998535, 4.502009868621826, 4.500802516937256, 4.503685474395752, 4.502927303314209, 4.497589111328125, 4.506893157958984, 4.499557971954346, 4.4983367919921875, 4.5015740394592285, 4.4998345375061035, 4.493554592132568, 4.497173309326172, 4.499246120452881, 4.4929704666137695, 4.490551471710205, 4.493218898773193, 4.490922451019287, 4.48415994644165, 4.49545955657959, 4.490468502044678, 4.484132766723633, 4.489048004150391, 4.486612319946289, 4.478951930999756, 4.482450008392334, 4.481552600860596, 4.4767351150512695, 4.478193759918213, 4.474996566772461, 4.47514009475708, 4.477141380310059, 4.472158432006836, 4.475124359130859, 4.475571155548096, 4.470114707946777, 4.473326206207275, 4.4701714515686035, 4.468806266784668, 4.469770908355713, 4.465808391571045, 4.4695820808410645, 4.467494010925293, 4.465160846710205, 4.467255592346191, 4.46434211730957, 4.461139678955078, 4.4639363288879395, 4.458562850952148, 4.460196018218994, 4.459535121917725, 4.458766460418701, 4.45817232131958, 4.454357624053955]

Validation root_mean_squared_error : [81.513916015625, 81.53971862792969, 81.56502532958984, 81.59004211425781, 81.61526489257812, 81.64094543457031, 81.66714477539062, 81.69390106201172, 81.72132110595703, 81.74954223632812, 81.77873229980469, 81.80902862548828, 81.8405990600586, 81.87356567382812, 81.9081039428711, 81.94438934326172, 81.98262023925781, 82.02302551269531, 82.06583404541016, 82.11129760742188, 82.1596908569336, 82.21126556396484, 82.26631164550781, 82.32510375976562, 82.38795471191406, 82.4551773071289, 82.527099609375, 82.6041030883789, 82.68656158447266, 82.77490997314453, 82.86959075927734, 82.9710693359375, 83.0798568725586, 83.19651794433594, 83.32164001464844, 83.45586395263672, 83.59988403320312, 83.75444030761719, 83.9202880859375, 84.0982437133789, 84.28913116455078, 84.49381256103516, 84.71315002441406, 84.94796752929688, 85.19910430908203, 85.46732330322266, 85.75335693359375, 86.0578842163086, 86.38153076171875, 86.7248764038086, 87.08843231201172, 87.47268676757812, 87.8780746459961, 88.30496978759766, 88.75371551513672, 89.224609375, 89.71791076660156, 90.23383331298828, 90.77254486083984, 91.33418273925781, 91.9188461303711, 92.52659606933594, 93.15401458740234, 93.80135345458984, 94.46883392333984, 95.15660095214844, 95.86480712890625, 96.59352111816406, 97.33454895019531, 98.08336639404297, 98.840576171875, 99.6068115234375, 100.376220703125, 101.1371841430664, 101.87054443359375, 102.55668640136719, 103.19893646240234, 103.77668762207031, 104.25920867919922, 104.63394927978516, 104.89655303955078, 105.04753112792969, 105.08807373046875, 105.02750396728516, 104.8758544921875, 104.6430435180664, 104.34077453613281, 103.97689819335938, 103.56575012207031, 103.1290512084961, 102.66924285888672, 102.18860626220703, 101.69824981689453, 101.21913146972656, 100.75873565673828, 100.32565307617188, 99.92720794677734, 99.55884552001953, 99.216552734375, 98.89678955078125, 98.60438537597656, 98.33587646484375, 98.08831787109375, 97.85124206542969, 97.62336730957031, 97.4036865234375, 97.19147491455078, 96.98628997802734, 96.78791809082031, 96.59638977050781, 96.41183471679688, 96.23456573486328, 96.06492614746094, 95.90327453613281, 95.73094940185547, 95.54975891113281, 95.36124420166016, 95.15299987792969, 94.9270248413086, 94.67377471923828, 94.3955307006836, 94.0942153930664, 93.77151489257812, 93.42896270751953, 93.0679702758789, 92.68987274169922, 92.29608917236328, 91.905517578125, 91.51879119873047, 91.13667297363281, 90.76004791259766, 90.38990783691406, 90.02725219726562, 89.67311096191406, 89.32846069335938, 88.99422454833984, 88.66179656982422, 88.33289337158203, 88.00897216796875, 87.69123077392578, 87.3724365234375, 87.05413818359375, 86.75505065917969, 86.47420501708984, 86.21057891845703, 85.95476531982422, 85.7064437866211, 85.46515655517578, 85.23030853271484, 85.00126647949219, 84.77726745605469, 84.55755615234375, 84.34130859375, 84.12772369384766, 83.91595458984375, 83.7052001953125, 83.49464416503906, 83.28350830078125, 83.05655670166016, 82.81452941894531, 82.55806732177734, 82.28777313232422, 82.00413513183594, 81.70140838623047, 81.38066101074219, 81.04296875, 80.68933868408203, 80.32075500488281, 79.9610595703125, 79.6087417602539, 79.26235961914062, 78.92056274414062, 78.58209228515625, 78.24581146240234, 77.91065216064453, 77.57569122314453, 77.24008178710938, 76.9030990600586, 76.56413269042969, 76.22267150878906, 75.8783187866211, 75.50736236572266, 75.11182403564453, 74.69363403320312, 74.2546157836914, 73.79650115966797, 73.32086181640625, 72.85330963134766, 72.39289093017578, 71.93865966796875, 71.48963165283203, 71.0196762084961, 70.52978515625, 70.02051544189453, 69.49193572998047, 68.94352722167969, 68.400390625, 67.85860443115234, 67.31372833251953, 66.76072692871094, 66.16617584228516, 65.52532958984375, 64.82493591308594, 64.0582504272461, 63.24602508544922, 62.383445739746094, 61.45786666870117, 60.457401275634766, 59.365474700927734, 58.173484802246094, 56.87144088745117, 55.44512939453125, 53.87474822998047, 52.136451721191406, 50.20630645751953, 48.06441116333008, 45.69805908203125, 43.106014251708984, 40.30546951293945, 37.34515380859375, 34.284881591796875, 31.194217681884766, 28.139196395874023, 25.18157386779785, 22.374099731445312, 19.779953002929688, 17.446632385253906, 15.406787872314453, 13.670180320739746, 12.216283798217773, 11.014525413513184, 10.0282564163208, 9.221237182617188, 8.56110668182373, 8.020501136779785, 7.590337753295898, 7.2476630210876465, 6.97469425201416, 6.765707015991211, 6.608438968658447, 6.507979393005371, 6.446802616119385, 6.419095993041992, 6.42017936706543, 6.428727149963379, 6.442626953125, 6.460078716278076, 6.468194961547852, 6.466034412384033, 6.450959205627441, 6.425388336181641, 6.3897271156311035, 6.344621181488037, 6.290897846221924, 6.239389896392822, 6.1885175704956055, 6.148190021514893, 6.121821880340576, 6.120883941650391, 6.135077953338623, 6.154731273651123, 6.180957794189453, 6.206666946411133, 6.212070465087891, 6.192488193511963, 6.162562370300293, 6.123654842376709, 6.077188968658447, 6.047204971313477, 6.032510757446289, 6.033498287200928, 6.024752616882324, 6.006479740142822, 5.979281425476074, 5.943999290466309, 5.901668548583984, 5.853437900543213, 5.800536155700684, 5.760035037994385, 5.730247974395752, 5.705071449279785, 5.683983325958252, 5.666525363922119, 5.652292728424072, 5.640927791595459, 5.637466907501221, 5.635991096496582, 5.636274337768555, 5.63810920715332, 5.641320705413818, 5.645740032196045, 5.657773494720459, 5.658297061920166, 5.638449192047119, 5.616892337799072, 5.605566501617432, 5.596355438232422, 5.582447528839111, 5.577905654907227, 5.574737548828125, 5.572790145874023, 5.579329013824463, 5.567217826843262, 5.552672863006592, 5.54788064956665, 5.544518947601318, 5.523454189300537, 5.51285457611084, 5.511589050292969, 5.504360675811768, 5.506216526031494, 5.501618385314941, 5.505973815917969, 5.506467342376709, 5.47873067855835, 5.462558269500732, 5.456364154815674, 5.452063083648682, 5.441893100738525, 5.441016674041748, 5.441465854644775, 5.443101406097412, 5.4531683921813965, 5.455615520477295, 5.446808815002441, 5.447572231292725, 5.457157611846924, 5.454682350158691, 5.433070182800293, 5.422584056854248, 5.42189359664917, 5.42249870300293, 5.403842926025391, 5.395862102508545, 5.397385597229004, 5.391846656799316, 5.379977703094482, 5.3779826164245605, 5.384897232055664, 5.400320529937744, 5.403127670288086, 5.375726699829102, 5.360386848449707, 5.355395317077637, 5.351990699768066, 5.3418755531311035, 5.34147310256958, 5.342172622680664, 5.335673809051514, 5.338563442230225, 5.350120544433594, 5.370141983032227, 5.35763692855835, 5.326805114746094, 5.30861234664917, 5.300985813140869, 5.3027119636535645, 5.313244819641113, 5.315646648406982, 5.310378551483154, 5.298335552215576, 5.296428203582764, 5.30356502532959, 5.319296360015869, 5.343616962432861, 5.333998680114746, 5.294642925262451, 5.269588947296143, 5.2681498527526855, 5.288052082061768, 5.307621955871582, 5.317619323730469, 5.305738925933838, 5.304518222808838, 5.312867641448975, 5.3171892166137695, 5.309035301208496, 5.280824661254883, 5.257036209106445, 5.244922161102295, 5.255336761474609, 5.265931129455566, 5.267609119415283, 5.261098861694336, 5.264564037322998, 5.277206897735596, 5.298802375793457, 5.296594142913818, 5.27287483215332, 5.261589527130127, 5.261072635650635, 5.270462989807129, 5.266792297363281, 5.241937160491943, 5.220912456512451, 5.211551189422607, 5.22527551651001, 5.229562282562256, 5.2249884605407715, 5.230536937713623]

Validation loss : [81.32624053955078, 81.34043884277344, 81.35338592529297, 81.36519622802734, 81.37622833251953, 81.38665771484375, 81.39643096923828, 81.40547180175781, 81.41372680664062, 81.42115783691406, 81.427734375, 81.43338775634766, 81.43803405761719, 81.4415512084961, 81.44381713867188, 81.44471740722656, 81.44407653808594, 81.44175720214844, 81.43758392333984, 81.4313735961914, 81.42289733886719, 81.41191864013672, 81.3981704711914, 81.38136291503906, 81.36117553710938, 81.33727264404297, 81.3093032836914, 81.27689361572266, 81.23968505859375, 81.19729614257812, 81.14938354492188, 81.09557342529297, 81.03553771972656, 80.96895599365234, 80.89554595947266, 80.8150863647461, 80.72736358642578, 80.63224792480469, 80.52958679199219, 80.4193344116211, 80.30146026611328, 80.1760025024414, 80.04299926757812, 79.90252685546875, 79.75469970703125, 79.59962463378906, 79.43741607666016, 79.26821899414062, 79.0921859741211, 78.90947723388672, 78.72028350830078, 78.52479553222656, 78.32319641113281, 78.11573028564453, 77.90262603759766, 77.68411254882812, 77.46044921875, 77.23187255859375, 76.9986343383789, 76.76097106933594, 76.51915740966797, 76.27344512939453, 76.0245590209961, 75.77269744873047, 75.51801300048828, 75.26067352294922, 75.00084686279297, 74.73869323730469, 74.47720336914062, 74.21734619140625, 73.9588851928711, 73.70340728759766, 73.54369354248047, 73.38704681396484, 73.29405212402344, 73.3255844116211, 73.56700134277344, 73.85397338867188, 74.10082244873047, 74.2696762084961, 74.3603515625, 74.41300201416016, 74.38265991210938, 74.28317260742188, 74.12144470214844, 73.90408325195312, 73.63417053222656, 73.31714630126953, 72.96214294433594, 72.58419036865234, 72.20829010009766, 71.81932067871094, 71.43833923339844, 71.0781021118164, 70.72463989257812, 70.40205383300781, 70.11840057373047, 69.87374114990234, 69.63446807861328, 69.39047241210938, 69.13984680175781, 68.8816909790039, 68.615234375, 68.34053039550781, 68.05692291259766, 67.7638931274414, 67.46102905273438, 67.1480941772461, 66.83118438720703, 66.51155853271484, 66.19292449951172, 65.87226104736328, 65.54938507080078, 65.24124908447266, 64.93090057373047, 64.6269302368164, 64.34809112548828, 64.09052276611328, 63.82099533081055, 63.520687103271484, 63.193904876708984, 62.84443664550781, 62.47561264038086, 62.09037399291992, 61.69120788574219, 61.285282135009766, 60.879573822021484, 60.48270797729492, 60.09467697143555, 59.71543884277344, 59.34498596191406, 58.98337173461914, 58.63066101074219, 58.28699493408203, 57.952545166015625, 57.627532958984375, 57.304222106933594, 56.98383331298828, 56.66743850708008, 56.355979919433594, 56.04426193237305, 55.733612060546875, 55.43873977661133, 55.158878326416016, 54.893226623535156, 54.63491439819336, 54.383724212646484, 54.13935089111328, 53.901344299316406, 53.66920852661133, 53.442344665527344, 53.220115661621094, 53.00185012817383, 52.786861419677734, 52.57441711425781, 52.363807678222656, 52.154335021972656, 51.9453125, 51.723018646240234, 51.488121032714844, 51.24122619628906, 50.98286437988281, 50.713504791259766, 50.42756652832031, 50.12630844116211, 49.81092834472656, 49.4825553894043, 49.14226150512695, 48.810096740722656, 48.48779296875, 48.17163848876953, 47.8599967956543, 47.552040100097656, 47.24697494506836, 46.94408416748047, 46.642696380615234, 46.34221649169922, 46.042110443115234, 45.741905212402344, 45.4411735534668, 45.139564514160156, 44.81967544555664, 44.48253631591797, 44.128639221191406, 43.75944137573242, 43.376953125, 42.98304748535156, 42.5963249206543, 42.21598815917969, 41.84120178222656, 41.47127914428711, 41.087646484375, 40.689483642578125, 40.2781867980957, 39.853126525878906, 39.41435241699219, 38.983577728271484, 38.557891845703125, 38.13414764404297, 37.708885192871094, 37.256011962890625, 36.77363204956055, 36.25452423095703, 35.69611740112305, 35.1172981262207, 34.5158576965332, 33.88471603393555, 33.21738052368164, 32.504539489746094, 31.742002487182617, 30.92524528503418, 30.048425674438477, 29.104049682617188, 28.083927154541016, 26.980947494506836, 25.79081916809082, 24.513219833374023, 23.15316390991211, 21.723072052001953, 20.248180389404297, 18.754737854003906, 17.271745681762695, 15.826103210449219, 14.442715644836426, 13.143111228942871, 11.950915336608887, 10.881082534790039, 9.94193172454834, 9.133405685424805, 8.44432544708252, 7.861433506011963, 7.369945526123047, 6.955593109130859, 6.605668544769287, 6.309309482574463, 6.064707279205322, 5.861944198608398, 5.693159580230713, 5.5572381019592285, 5.448930740356445, 5.3740997314453125, 5.322726726531982, 5.291565895080566, 5.277913570404053, 5.2729716300964355, 5.278664588928223, 5.2845892906188965, 5.286149501800537, 5.283295631408691, 5.277487754821777, 5.266982555389404, 5.2518134117126465, 5.232058525085449, 5.207830429077148, 5.183104515075684, 5.159213066101074, 5.139997959136963, 5.126216411590576, 5.1220879554748535, 5.122997283935547, 5.124523639678955, 5.126947402954102, 5.128572940826416, 5.124001502990723, 5.1137471199035645, 5.099709987640381, 5.0822529792785645, 5.061701774597168, 5.044576644897461, 5.031080722808838, 5.021477699279785, 5.0091166496276855, 4.994256973266602, 4.977129936218262, 4.957931995391846, 4.936842918395996, 4.914019584655762, 4.889602184295654, 4.868710517883301, 4.851205348968506, 4.836184501647949, 4.823390960693359, 4.812592506408691, 4.803582191467285, 4.796169281005859, 4.791186809539795, 4.787466526031494, 4.784866809844971, 4.783261299133301, 4.782536029815674, 4.782584190368652, 4.784585475921631, 4.782577991485596, 4.773855209350586, 4.7634687423706055, 4.756196975708008, 4.750096321105957, 4.743618488311768, 4.739910125732422, 4.7369866371154785, 4.734756946563721, 4.734963893890381, 4.729391574859619, 4.721954345703125, 4.717534065246582, 4.713982582092285, 4.704888343811035, 4.699004173278809, 4.696059703826904, 4.692138671875, 4.690979957580566, 4.688597202301025, 4.68885612487793, 4.686792373657227, 4.675650596618652, 4.668053150177002, 4.6636762619018555, 4.660400390625, 4.6559648513793945, 4.654453277587891, 4.6537322998046875, 4.653717994689941, 4.656238079071045, 4.656919479370117, 4.653290748596191, 4.652589321136475, 4.65455961227417, 4.652082920074463, 4.643266201019287, 4.637933731079102, 4.635768890380859, 4.634444713592529, 4.626590251922607, 4.62216329574585, 4.620861530303955, 4.617920875549316, 4.613455295562744, 4.612144947052002, 4.6137003898620605, 4.617877006530762, 4.617257118225098, 4.606388568878174, 4.599351406097412, 4.595792770385742, 4.593173980712891, 4.588870048522949, 4.587790012359619, 4.587380886077881, 4.585010528564453, 4.585708141326904, 4.58919095993042, 4.595217704772949, 4.589985370635986, 4.578099250793457, 4.570260047912598, 4.5660881996154785, 4.565239906311035, 4.567427158355713, 4.567326545715332, 4.565122604370117, 4.5609822273254395, 4.560206413269043, 4.562467575073242, 4.567499160766602, 4.575060844421387, 4.570775985717773, 4.555777072906494, 4.545256614685059, 4.5440897941589355, 4.551371097564697, 4.558460235595703, 4.562534332275391, 4.558629035949707, 4.558145046234131, 4.560762405395508, 4.5609354972839355, 4.556329250335693, 4.544491767883301, 4.534302711486816, 4.528203010559082, 4.531219482421875, 4.53445291519165, 4.534928798675537, 4.5328874588012695, 4.534188747406006, 4.538516521453857, 4.545608997344971, 4.544102191925049, 4.534811496734619, 4.529642105102539, 4.528202056884766, 4.530154705047607, 4.527012348175049, 4.516167640686035, 4.506846904754639, 4.501698970794678, 4.505871772766113, 4.506999492645264, 4.505346298217773, 4.507142066955566]

