\item [92032]
\item [92019]
\item [92078]
\item [92033]
\item [92012]
\item [92062,92073]
\item [92035,92040]
\item [92026,92035,92050,92062,92073]
\item [92002,92012,92019,92044,92047]
\item [92004,92009,92024,92026,92025,92035,92036,92050,92062,92073]
\item [92014,92035,92060,92004,92050,92044,92020,92019,92012,92009]
\item [92004,92009,92012,92024,92025,92026,92033,92035,92036,92044,92047,92050,92051,92062,92063,92064,92072,92073,92077,92078]
\item [92002,92004,92009,92014,92019,92020,92022,92023,92026,92032,92033,92035,92040,92044,92048,92060,92063,92064,92072,92075]
\item [92002,92004,92007,92009,92012,92014,92019,92020,92022,92023,92024,92025,92026,92032,92033,92035,92036,92040,92044,92046,92047,92048,92049,92050,92051,92060,92062,92063,92064,92071,92072,92073,92075,92076,92077,92078]
\item [93072]
\item [93045]
\item [93059]
\item [93031,93039]
\item [93032,93049]
\item [93014,93015,93032,93050,93077]
\item [93007,93049,93057,93064,93074]
\item [93005,93014,93015,93032,93046,93047,93062,93064,93071,93077]
\item [93005,93014,93027,93030,93046,93063,93071,93072,93074,93077]
\item [93001,93005,93007,93008,93013,93027,93029,93030,93031,93039,93048,93053,93055,93059,93063,93064,93066,93070,93072,93079]
\item [93062,93072,93010,93074,93057,93007,93078,93063,93070,93071,93008,93046,93050,93053,93066,93039,93013,93073,93032,93077]
\item [93001,93005,93006,93007,93008,93010,93013,93014,93015,93027,93029,93030,93031,93032,93033,93039,93045,93046,93047,93048,93049,93050,93051,93053,93055,93057,93059,93061,93062,93063,93064,93066,93070,93071,93072,93073,93074,93077,93078,93079]
\item [94018]
\item [94011]
\item [94002]
\item [94003,94016]
\item [94074,94003]
\item [94047,94075,94056,94044,94028]
\item [94041,94065,94043,94002,94080]
\item [94001,94077,94054,94073,94021,94022,94081,94041,94076,94002]
\item [94069,94053,94046,94070,94047,94038,94068,94015,94019,94065]
\item [94059,94017,94079,94060,94015,94052,94053,94055,94019,94033,94071,94042,94046,94069,94002,94048,94068,94018,94028,94022]
\item [94028,94038,94079,94075,94018,94077,94055,94056,94011,94004,94022,94002,94019,94016,94052,94043,94069,94033,94047,94046]
\item [94001,94002,94003,94004,94011,94015,94016,94017,94018,94019,94021,94022,94028,94033,94034,94037,94038,94041,94042,94043,94044,94046,94047,94048,94052,94053,94054,94055,94056,94058,94059,94060,94065,94067,94068,94069,94070,94071,94073,94074,94075,94076,94077,94078,94079,94080,94081]
\item [75102]
\item [75103]
\item [75115]
\item [75114,75106]
\item [75113,75102]
\item [75118,75119,75117,75110,75109]
\item [75106,75104,75111,75103,75110]
\item [75101,75109,75108,75104,75106,75118,75103,75117,75102,75114]
\item [75105,75115,75106,75102,75120,75119,75116,75108,75107,75103]
\item [75107,75116,75112,75105,75102,75109,75120,75104,75117,75106,75119,75114,75103,75110,75108,75113,75118,75111,75115,75101]
\item [75115,92040]
\item [75111,92020]
\item [75116,92073,75108,75117,92050]
\item [75108,92077,92026,92073,75118]
\item [75117,92044,92026,92051,92024,92050,75108,92035,75109,75116]
\item [75109,92051,75116,92040,75104,92026,75101,92019,75107,75119]
\item [75117,92051,92044,75108,75101,75116,75115,75107,75118,75104,92062,75106,92073,92064,75114,75105,92024,75109,92012,92063]
\item [75103,92032,92075,92012,92019,92071,92014,75113,92035,92036,92044,92062,92040,92051,75120,92047,92004,75105,75118,75119]
\item [75107,75116,75112,75105,75102,75109,75120,75104,75117,75106,75119,75114,75103,75110,75108,75113,75118,75111,75115,75101,92002,92004,92007,92009,92012,92014,92019,92020,92022,92023,92024,92025,92026,92032,92033,92035,92036,92040,92044,92046,92047,92048,92049,92050,92051,92060,92062,92063,92064,92071,92072,92073,92075,92076,92077,92078]
\item [75120,94067]
\item [75103,94021]
\item [75113,94041,75105,94018,75114]
\item [75104,94033,94046,75120,94069]
\item [75120,94067,75112,94033,94052,94080,94058,75111,94042,94046]
\item [75102,94019,94076,75114,94071,94056,75107,94079,94074,75120]
\item [75114,94037,75113,75106,75115,75105,75101,94043,94041,75107,75102,94003,94016,94038,94076,94021,75108,94065,94073,75110]
\item [75111,94021,94058,94056,94059,75116,94077,94001,94046,94055,94016,94065,94070,94079,94034,94073,94067,94018,94053,94081]
\item [75107,75116,75112,75105,75102,75109,75120,75104,75117,75106,75119,75114,75103,75110,75108,75113,75118,75111,75115,75101,94001,94002,94003,94004,94011,94015,94016,94017,94018,94019,94021,94022,94028,94033,94034,94037,94038,94041,94042,94043,94044,94046,94047,94048,94052,94053,94054,94055,94056,94058,94059,94060,94065,94067,94068,94069,94070,94071,94073,94074,94075,94076,94077,94078,94079,94080,94081]
\item [92024,93070]
\item [92033,93070]
\item [92024,93070,93066,93072,93001]
\item [92050,93073,93066,92007,93029]
\item [92024,93070,93066,93059,93079,93039,93027,93072,92078,93031]
\item [92072,93031,92032,93029,93001,93015,93027,92050,93061,93010]
\item [92078,93039,93066,93072,93031,93059,93070,93079,93027,93001,93008,93010,93055,93045,93053,93063,93029,92036,93030,92025]
\item [92004,93006,93045,93050,93064,92024,92049,93014,92046,93049,92073,93033,93051,92019,92014,93062,93055,92075,93061,93053]
\item [92002,92004,92007,92009,92012,92014,92019,92020,92022,92023,92024,92025,92026,92032,92033,92035,92036,92040,92044,92046,92047,92048,92049,92050,92051,92060,92062,92063,92064,92071,92072,92073,92075,92076,92077,92078,93001,93005,93006,93007,93008,93010,93013,93014,93015,93027,93029,93030,93031,93032,93033,93039,93045,93046,93047,93048,93049,93050,93051,93053,93055,93057,93059,93061,93062,93063,93064,93066,93070,93071,93072,93073,93074,93077,93078,93079]
\item [93064,94033]
\item [93013,94028]
\item [93049,94033,94080,93064,93050]
\item [93073,94018,93015,93061,93055]
\item [93064,94033,93049,94058,93077,93032,93062,93053,94052,94017]
\item [93029,94003,94021,93057,93050,94071,93010,93046,93006,94067]
\item [93048,94033,94058,94067,93049,93064,93050,93063,93053,93010,93033,94015,93057,93006,93032,93047,93046,93077,93008,94052]
\item [93033,94069,94004,94028,93074,94017,94002,93006,93077,94070,94067,94037,93072,94044,94011,94065,94038,93057,93073,93039]
\item [93001,93005,93006,93007,93008,93010,93013,93014,93015,93027,93029,93030,93031,93032,93033,93039,93045,93046,93047,93048,93049,93050,93051,93053,93055,93057,93059,93061,93062,93063,93064,93066,93070,93071,93072,93073,93074,93077,93078,93079,94001,94002,94003,94004,94011,94015,94016,94017,94018,94019,94021,94022,94028,94033,94034,94037,94038,94041,94042,94043,94044,94046,94047,94048,94052,94053,94054,94055,94056,94058,94059,94060,94065,94067,94068,94069,94070,94071,94073,94074,94075,94076,94077,94078,94079,94080,94081]
\item [92044,92024]
\item [92012,92047]
\item [93001,93027]
\item [93057,93007]
\item [94022,94074]
\item [94065,94067]
\item [75120,75111]
\item [75105,75116]
\item [75115,92040]
\item [75114,92048]
\item [75114,94037]
\item [75102,94055]
\item [92078,93039]
\item [92026,93045]
\item [93048,94033]
