478475
478474
478477
478476
145253
397151
397152
397153
397150
478486
478485
478487
478482
478481
478484
478483
481639
263516
478480
263517
478479
478478
263500
648058
648059
389782
389781
444487
329681
389774
218987
157487
218982
218981
481616
218980
pt_IDFM:463078
pt_IDFM:463077
653640
157496
157497
218979
157495
654519
115876
pt_IDFM:21975
115877
115878
654515
115879
654518
115880
400437
400434
115400
490316
pt_IDFM:463106_pt_IDFM:463157
218988
pt_IDFM:463078_pt_IDFM:463106
643870
643871
400431
pt_IDFM:21968
202189
277951
277950
400428
400427
400426
400425
400424
492969
pt_IDFM:463157_pt_IDFM:22383
137600
157458
687420
664584
687421
664583
687416
231746
687417
231747
687418
687419
687412
687413
148975
687414
148976
687415
369965
369966
202190
8900
369967
369968
100371
100372
100373
468614
468613
269082
269081
650176
589199
476237
286249
353176
353175
286253
286254
489518
557771
489521
27906
600910
pt_IDFM:463237
275320
545780
115409
366276
115401
pt_IDFM:21984
532475
pt_IDFM:21983
115408
115410
115411
275319
588007
588008
568876
588009
712965
568877
712966
649324
660599
660598
500213
712972
233500
233501
233502
546693
712971
115230
546443
134177
546442
134172
43353
43354
115214
pt_IDFM:22391_pt_IDFM:22366
632900
115221
115222
115223
582956
629747
629746
588016
201705
137698
201706
494050
99101
494049
138792
138793
138790
138791
373973
601503
373974
601502
373972
368388
74875
116007
pt_IDFM:22366_pt_IDFM:22386
373975
115168
115169
546916
546915
623765
668676
668677
115393
115394
384851
115153
115154
115155
115156
115398
115157
115399
115390
623758
115391
601501
623755
115392
623753
706940
623754
706941
706942
706943
706944
706945
706946
706947
115137
115379
115138
115139
200883
115386
115145
115387
115388
115389
706938
706939
271800
589200
271801
115380
115381
567658
115128
115129
115130
115131
115132
115133
115377
115136
115378
622649
706948
622648
622647
385753
385752
385755
385754
60039
385751
385750
pt_IDFM:21975_pt_IDFM:21984
60032
385757
632293
385756
632292
385759
632291
385758
632290
269538
153860
pt_IDFM:21967_pt_IDFM:463077
106492
106491
115195
115199
269541
268451
385749
115192
60040
115193
268450
385748
385747
408700
115187
115188
272930
711250
385760
557822
681687
598526
598531
99095
148913
148914
282798
412597
216800
565615
565616
400597
565619
632899
565617
pt_IDFM:462944_pt_IDFM:21975
565618
495998
456180
456181
342015
612471
342014
342019
342018
342017
342016
495997
565622
565623
565620
565621
383398
686008
383399
686009
494894
383394
383395
383396
494891
383397
686007
267154
267156
267155
213796
213797
80261
80260
397777
397778
292159
678634
596117
596116
598536
598534
598535
596115
598532
598533
204863
80259
80258
678642
321795
412786
412787
470424
470425
272312
213352
203311
203312
249312
249314
249313
626823
294769
pt_IDFM:463216_pt_IDFM:22391
108481
225107
225106
225104
225108
225110
634655
362497
272773
623308
623309
623306
623307
623304
623305
647731
623303
687393
294770
687394
634658
687395
634659
687396
634660
634661
582460
115952
115955
45879
684486
582459
582458
115960
115961
582455
582454
643932
582457
582456
33415
643933
178044
178043
225118
225119
125745
601060
601062
601061
601064
601063
309989
309987
309988
309985
309986
582461
157352
138617
138615
696454
138616
696455
535214
249316
249315
113996
249317
463085
463086
463087
463088
500158
463082
463083
463084
138620
601057
601059
494812
601058
494811
494810
115928
185815
494809
185814
494808
138623
494807
113986
684485
113987
684484
115925
664401
664400
494806
412785
494805
412782
494804
494803
494802
494801
624141
613497
613498
614104
569214
603216
478544
569210
33613
624139
675588
675587
115984
115985
389673
115986
389672
623281
626791
115987
623280
400305
569224
569225
569226
569227
623278
623279
623275
115974
115975
318861
115976
115977
115978
115979
115980
355211
115983
133374
478540
478543
623267
623268
133375
623265
623266
623264
115962
115963
115964
115965
115966
594894
478538
478537
478539
478536
408400
408401
497032
115313
115314
pt_IDFM:463141
115315
115319
229336
255855
229337
509107
509106
pt_IDFM:463141_pt_IDFM:463237
636570
636572
636571
115307
115308
115309
115310
115311
142941
115312
142942
62395
153857
153858
153859
582638
32147
582635
32145
149107
509128
582637
32143
582636
490851
490850
509121
509120
522544
pt_IDFM:463106
334066
509119
582646
509118
509117
509116
582647
582642
113111
582641
113110
582644
582643
105792
104460
45431
45430
392216
51043
476524
658164
658165
658163
589207
614176
115346
461046
115347
461044
359636
461047
641729
641728
606314
606313
606312
142903
568772
409998
409997
pt_IDFM:21984_pt_IDFM:21968
286344
286345
286346
286347
599047
115340
115341
115100
115342
220580
115343
220581
547887
547886
544358
275482
pt_IDFM:463157
275480
275481
275476
275479
275477
275478
137585
302451
601866
153550
601865
153551
153552
153553
25589
25588
pt_IDFM:21968_pt_IDFM:463024
565571
713349
565574
565572
565573
383400
383401
25596
8899
383402
383403
713360
713361
713362
713363
613827
565592
565593
565590
565591
713364
601834
400297
400298
140262
713350
140263
713351
660600
713352
177768
713357
713358
713359
713353
713354
713355
713356
405333
pt_IDFM:22386
427522
598693
598694
598691
598692
598690
470393
272821
272822
272823
272824
272825
272826
pt_IDFM:22366
233496
pt_IDFM:463237_pt_IDFM:21983
117242
345671
22027
518384
636567
636569
636568
pt_IDFM:22369_pt_IDFM:463078
150026
150025
714646
540668
394398
394399
589937
589938
540669
540670
540671
496974
587985
pt_IDFM:22386_pt_IDFM:463265
243081
496975
587984
372113
109447
372115
640162
640164
245027
245026
640165
481470
475805
664589
664588
475806
664587
233497
233498
233499
481469
415516
415515
pt_IDFM:462944
704496
92359
92358
336915
632319
203885
550673
115098
115099
632321
632320
587535
pt_IDFM:22391
587534
703572
703573
434457
378708
703571
400286
703576
352315
703574
352314
703575
pt_IDFM:463077_pt_IDFM:463141
115904
115905
115906
699017
292699
664399
664398
664397
444488
569065
204760
703595
114806
114807
379811
379812
379813
379814
309992
468456
63838
468455
492312
309990
468454
309991
468453
681714
681713
492315
584212
584213
492313
492314
pt_379814_490316
518543
519874
378710
400253
400251
400252
468458
400250
468457
448868
468465
468464
468461
468460
271797
271798
271799
