10666362
10666363
10666495
10672402
10672403
10672404
10701139
10706532
10710526
10710527
10711183
10711184
10711273
12214292
12214348
12214540
12214699
12214725
12214768
12214851
12214946
12215237
12215508
12215976
12216018
12216028
12216049
12216071
12216123
12216428
12216560
12216567
12216675
7993665
7994261
7994262
7994263
7994264
7995040
7995041
7995042
7995043
8001262
8001263
8002981
8002982
8007746
8007747
8007748
8007749
8007829
8007830
8007831
8007832
8009812
8009813
8009814
8009815
8009816
8012605
8015879
8015880
8027042
8027043
8027044
8042295
8050885
8050886
8050887
8050888
8052972
8052973
8057123
8057124
8057125
8066233
8130059
8130060
8137768
8137769
8137770
8140489
8140490
8153982
8153983
8153984
8153985
9207972
9207973
9208793
9208794
9208881
9208882
9209015
9209363
9209466
9209467
9209538
9209539
9209540
9209541
9209542
9209588
9209589
9209637
9210117
9210118
9210836
9211495
9211513
9211514
9212167
9212168
9212169
9212170
9212462
9212463
9212464
9212465
9212526
9212726
9212830
9212831
9212832
9212833
9212985
9213211
9213855
9213856
9214131
9214132
9214250
9214260
9214261
9214262
9214356
9214939
9214940
9214949
9214978
9214979
9215063
9215094
9215095
9215096
9215097
9215098
9215099
9215226
9215227
9216497
9217099
9217100
9217101
9217102
9217338
9217494
9217634
9217635
9217636
9217637
9217707
9217708
9217709
9217710
9217720
9217721
9217722
9217827
9217879
9217880
9218080
9218081
9218214
9218215
9218608
9218609
9219734
9219969
9220013
9220602
9220603
9220604
9220605
9220606
9220607
9220734
9220781
9220782
9220783
9220784
9221035
9221036
9221131
9221189
9221190
9221191
9221192
9221216
9221426
9221427
9221461
9221581
9222027
9222028
9222217
9222559
9222560
9222603
9222604
9222605
9222606
9222607
9222608
9222609
9222831
9222855
9222856
9222857
9222858
9222934
9222935
9223069
9223174
9223270
9223271
9223274
9223275
9223427
9223598
9223654
9223655
9223656
9223749
9224019
9224341
9224342
9224416
9224417
9224702
9224703
9224704
9224705
9224774
9224775
9224776
9225227
9225228
9225229
9225230
9225383
9225486
9225487
9225488
9225578
9226062
9226063
9226064
9226065
9226091
9226222
9226469
9226470
9227280
9227479
9227480
9227502
9227503
9227504
9227859
9228471
9228839
9228840
9228841
9229119
9229208
9229209
9229210
9229211
9229212
9229217
9229218
9229219
9229296
9229300
9229422
9229423
9229424
9229425
9229844
9229845
9230223
9230321
9230344
9230400
9230676
9230806
9231027
9231795
9231796
9231923
9233046
9233231
9233232
9233233
9233234
9233235
9233291
9233292
9233293
9233590
9233591
9233691
9234553
9234554
9234555
9234968
9234969
9235273
9235274
9235303
9235475
9235476
9235485
9235486
9235487
9235488
9235687
9235688
9235727
9235728
9235733
9235734
9235880
9236051
9236052
9236246
9236247
9236248
9236249
9236321
9236573
9236574
9236575
9236576
9236577
9236633
9236795
9236796
9236797
9237010
9237011
9237012
9237112
9237143
9237144
9237688
9237689
9237782
9237922
9237923
9237924
9237925
9237926
9238026
9238189
9238190
9238598
9238893
9238894
9238956
9239262
9239263
9239264
9239265
9239266
9239267
9239268
9239269
9239978
9239979
9240194
9240195
9240593
9240632
9240633
9240634
9240823
9240892
9240893
9241073
9241074
9241075
9241187
9241188
9241394
9241406
9241594
9241696
9241697
9241698
9241699
9241962
9241963
9241964
9241965
9241966
9241967
9241969
9242162
9242163
9242164
9242604
9243238
9243239
9243240
9243241
9243242
9243258
9243259
9243260
9243261
9243262
9243279
9243525
9243526
9243527
9243558
9243559
9243560
9243561
9243736
9243737
9243738
9243739
9244589
9244664
9244810
9244811
9244932
9244990
9245115
9245116
9245117
9245157
9245158
9245159
9245160
9245223
9245224
9245225
9245747
9245748
9245749
9245779
9245999
9246212
9246213
9246928
9246929
9246958
9247553
9247554
9247555
9248436
9248437
9248438
9248523
9248524
9249044
9249045
9249046
9249047
9249048
9249049
9249878
9249879
9249880
9250286
9250323
9250375
9250389
9250573
9250699
9250872
9250873
9250916
9250917
9251593
9251626
9252018
9252625
9252626
9252627
9252628
9252798
9252799
9252800
9252801
9252802
9252833
9252843
9252844
9252845
9253314
9253315
9253316
9253317
9253359
9253360
9253361
9253362
9253363
9253606
9253607
9253762
9253763
9253772
9253773
9253774
9253775
9254062
9254492
9254493
9254498
9254499
9254500
9254501
9254573
9254892
9254893
9254894
9255604
9255659
9255790
9255791
9255792
9255871
9255872
9255873
9255874
9255875
9256006
9256223
9256224
9256486
9256692
9256693
9256694
9256695
9256701
9256887
9256888
9256984
9256985
9256986
9256987
9256988
9256989
9257108
9257424
9257469
9257470
9257471
9257472
9257537
9257538
9257539
9257684
9257951
9258148
9258229
9258230
9258391
9258711
9259528
9259529
9259559
9259560
9259561
9259657
9259658
9260039
9260040
9260124
9260125
9260126
9260127
9260179
9260180
9260181
9260182
9260214
9260341
9260489
9260490
9260491
9260492
9260592
9260593
9260644
9260751
9260799
9261049
9261050
9261203
9261531
9261674
9261961
9262275
9262276
9262277
9262278
9262279
9262280
9262359
9262360
9262361
9262362
9262428
9262429
9262492
9262493
9262494
9262526
9262527
9262528
9262529
9262530
9262531
9262635
9262636
9262637
9262660
9262871
9263201
9263470
9263585
9263586
9263587
9263647
9263648
9263649
9263650
9263651
9263915
9263916
9263917
9263918
9263919
9264319
9264320
9264384
9264385
9264431
9264504
9264576
9264965
9265426
9265515
9266157
9266158
9266159
9266160
9266210
9266211
9266544
9266545
9266546
9266547
9266548
9266576
9266714
9266715
9266849
9266850
9266851
9267120
9267335
9267581
9267582
9267859
9267860
9268026
9268029
9268095
9268096
9268097
9268146
9268184
9268185
9268186
9268499
9268675
9268976
9268977
9268978
9269059
9269060
9269061
9269062
9269125
9269126
9269127
9269128
9269257
9269258
9269437
9269438
9269439
9269440
9269538
9269539
9270025
9270032
9270033
9270034
9270229
9270304
9270761
9270762
9270895
9270896
9270944
9271532
9271621
9271631
9271632
9271698
9271699
9272259
9272260
9272261
9272640
9272641
9272724
9272729
9272793
9272794
9273800
9273949
9273950
9273951
9274144
9274171
9274172
9274173
9274348
9275333
9275334
9275335
9275336
9275897
9275898
9275899
9276010
9276011
9276012
9276013
9276014
9276015
9276016
9276414
9276415
9276603
9276701
9276702
9276703
9276933
9276934
9276935
9276936
9276937
9276938
9277499
9277654
9277655
9277776
9277777
9277778
9278023
9278024
9278062
9278063
9278425
9278426
9278427
9278968
9278969
9278970
9278971
9278972
9279229
9279230
9279394
9279395
9279396
9279397
9279402
9279403
9279404
9279405
9279429
9279430
9279887
9279930
9279931
9280070
9280071
9280072
9280084
9280348
9280349
9280374
9280375
9280376
9280729
9280730
9280755
9280855
9280856
9280950
9280951
9281031
9281300
9281301
9281390
9281391
9281439
9281440
9281477
9281478
9281479
9281480
9281481
9281482
9281852
9282130
9282131
9282132
9282133
9282369
9282644
9282645
9282646
9282647
9282739
9282740
9282741
9282742
9283187
9283356
9283823
9284181
9284182
9284396
9284397
9284398
9284692
9284796
9284797
9284798
9284799
9284800
9284801
9285097
9285098
9285099
9285100
9285218
9285497
9285690
9285691
9285913
9285914
9286036
9286037
9286038
9286039
9286379
9286601
9286730
9286731
9286943
9286944
9287058
9287650
9287651
9288049
9288050
9288051
9288052
9288211
9288563
9289033
9289034
9289035
9289042
9289043
9289093
9289094
9289095
9289096
9289194
9289373
9289374
9289375
9289376
9289377
9289407
9289505
9289879
9289994
9289995
9290085
9290086
9290087
9290088
9290215
9290216
9290283
9290389
9290910
9291066
9291067
9291068
9291112
9291123
9291124
9291125
9291294
9291295
9291348
9291540
9291773
9291774
9291775
9291776
9291777
9291778
9291779
9291920
9291921
9291922
9292093
9292094
9292095
9292468
9292469
9292620
9292927
9292978
9292979
9293017
9293018
9293019
9293020
9293113
9293438
9293439
9293440
9293441
9293442
9293480
9293608
9293609
9294135
9294140
9294344
9294345
9294359
9294360
9294361
9294362
9294412
9294413
9295164
9295165
9295166
9295395
9295396
9295601
9295602
9295839
9295840
9296495
9297471
9298022
9298023
9298024
9298025
9298026
9298027
9298296
9298297
9298298
9299057
9299128
9299131
9299132
9299133
9299732
9299733
9299783
9300342
9300343
9300344
9300345
9300736
9300965
9301164
9301165
9301251
9301252
9301253
9301664
9301911
9301912
9301913
9301914
9301948
9301949
9301950
9301951
9302232
9302233
9302445
9302778
9302779
9302780
9302831
9302832
9302833
9302834
9302835
9302836
9303036
9303037
9303038
9303039
9303040
9303041
9303042
9303298
9303299
9303571
9303572
9303720
9303721
9303722
9303751
9303752
9303753
9303754
9303956
9304264
9304265
9304292
9304293
9304294
9304864
9304865
9304866
9304867
9304868
9304869
9304872
9304873
9304952
9304953
9304954
9305123
9305124
9305125
9305625
9305626
9305985
9305986
9305987
9305988
9306056
9306057
9306058
9306059
9306089
9306090
9306521
9306791
9306792
9306793
9306854
9306855
9306856
9307101
9307102
9307103
9307312
9307313
9307314
9307315
9307956
9307957
9308140
9308141
9308146
9308147
9308148
9308678
9308679
9308680
9308792
9308793
9308917
9309174
9309175
9309488
9309489
9309490
9309491
9309586
9309587
9309588
9309608
9309609
9309610
9309611
9309612
9309839
9309961
9309962
9309963
9310325
9310326
9310520
9310521
9310522
9310578
9310580
9310581
9310728
9311403
9311678
9312135
9312136
9312312
9312313
9312314
9312414
9312445
9312446
9312447
9312448
9312848
9312849
9312850
9312851
9313261
9313571
9313572
9313573
9315378
9315938
9316136
9316137
9316166
9316167
9316391
9316605
9316606
9316607
9316608
9316609
9649619
9649620
9649621
9649622
9672282
9672283
9680059
9680060
9688243
9688244
9696565
9696566
9696567
9696568
