Name : 2024.09.01.13.05.41
Type : mo_asy

Batch size : 1000
Epochs : 400
Validation split : 0.2
Feats : 12
Res list : ['er_idf']

Test root_mean_squared_error : 1.638805866241455
Test loss : 0.8376145958900452

Summary :

Model: "functional"
+--------------------------------------------------------------------------------------+
| Layer (type)                         | Output Shape                |         Param # |
|--------------------------------------+-----------------------------+-----------------|
| input_layer (InputLayer)             | (None, 12)                  |               0 |
|--------------------------------------+-----------------------------+-----------------|
| batch_normalization                  | (None, 12)                  |              48 |
| (BatchNormalization)                 |                             |                 |
|--------------------------------------+-----------------------------+-----------------|
| dense (Dense)                        | (None, 50)                  |             650 |
|--------------------------------------+-----------------------------+-----------------|
| dense_1 (Dense)                      | (None, 50)                  |           2,550 |
|--------------------------------------+-----------------------------+-----------------|
| dense_2 (Dense)                      | (None, 50)                  |           2,550 |
|--------------------------------------+-----------------------------+-----------------|
| er_idf (Dense)                       | (None, 1)                   |              51 |
+--------------------------------------------------------------------------------------+
 Total params: 17,501 (68.37 KB)
 Trainable params: 5,825 (22.75 KB)
 Non-trainable params: 24 (96.00 B)
 Optimizer params: 11,652 (45.52 KB)

root_mean_squared_error : [5.48551607131958, 5.456365585327148, 5.432680130004883, 5.417179584503174, 5.405945301055908, 5.398606777191162, 5.393346309661865, 5.389359474182129, 5.381466388702393, 5.373072624206543, 5.364049911499023, 5.349636077880859, 5.3307929039001465, 5.302703857421875, 5.263991832733154, 5.218486309051514, 5.166927337646484, 5.109262943267822, 5.046212196350098, 4.978321075439453, 4.906001091003418, 4.833332538604736, 4.759917259216309, 4.68532133102417, 4.606977939605713, 4.524145603179932, 4.4342803955078125, 4.33762788772583, 4.234495639801025, 4.1325788497924805, 4.034215927124023, 3.931020736694336, 3.8236372470855713, 3.707864284515381, 3.5766026973724365, 3.4332997798919678, 3.2833967208862305, 3.1279382705688477, 2.9667484760284424, 2.804471492767334, 2.657115936279297, 2.522315740585327, 2.3934054374694824, 2.269240379333496, 2.1453306674957275, 2.0335886478424072, 1.9470173120498657, 1.8779181241989136, 1.827943205833435, 1.7896039485931396, 1.764596939086914, 1.7511264085769653, 1.7327728271484375, 1.712077021598816, 1.696130394935608, 1.686940312385559, 1.687757134437561, 1.6998436450958252, 1.7249057292938232, 1.7318531274795532, 1.729581356048584, 1.7226108312606812, 1.7072457075119019, 1.687180757522583, 1.6635795831680298, 1.635508418083191, 1.6061437129974365, 1.5736736059188843, 1.5383862257003784, 1.4976998567581177, 1.4633184671401978, 1.4417082071304321, 1.4257087707519531, 1.4020967483520508, 1.3816308975219727, 1.3754414319992065, 1.3847869634628296, 1.377326250076294, 1.3482829332351685, 1.324632167816162, 1.3050485849380493, 1.2785898447036743, 1.2599256038665771, 1.241621732711792, 1.2219098806381226, 1.1997572183609009, 1.1768102645874023, 1.159239411354065, 1.1487596035003662, 1.1192805767059326, 1.0993437767028809, 1.0864051580429077, 1.0766383409500122, 1.0700970888137817, 1.0536037683486938, 1.0291318893432617, 0.9943104982376099, 0.9680766463279724, 0.9556502103805542, 0.9476146101951599, 0.9246916770935059, 0.9060196876525879, 0.8833248615264893, 0.879780113697052, 0.8599714636802673, 0.8384194374084473, 0.8130881190299988, 0.7870874404907227, 0.7722784876823425, 0.7710230350494385, 0.7409152984619141, 0.7039002776145935, 0.6804966330528259, 0.6714688539505005, 0.6751420497894287, 0.6580387353897095, 0.6262351274490356, 0.5998520851135254, 0.588279128074646, 0.5786599516868591, 0.5465566515922546, 0.5179263353347778, 0.5049239993095398, 0.5034438371658325, 0.49856528639793396, 0.4775116443634033, 0.448160856962204, 0.4340547025203705, 0.40554317831993103, 0.3702051341533661, 0.35279494524002075, 0.3375760018825531, 0.3230036199092865, 0.29845014214515686, 0.28780585527420044, 0.28127002716064453, 0.26852837204933167, 0.2503493130207062, 0.22899377346038818, 0.21105146408081055, 0.19586853682994843, 0.1898137480020523, 0.17959782481193542, 0.18321625888347626, 0.18557313084602356, 0.1913468986749649, 0.19226479530334473, 0.19854876399040222, 0.19613148272037506, 0.18530960381031036, 0.19564993679523468, 0.18841798603534698, 0.19300208985805511, 0.1887992024421692, 0.18147313594818115, 0.1762285977602005, 0.1783255636692047, 0.16719473898410797, 0.16693174839019775, 0.16365541517734528, 0.16672517359256744, 0.16343125700950623, 0.1708536595106125, 0.1747310310602188, 0.16979485750198364, 0.16366258263587952, 0.16113534569740295, 0.15331566333770752, 0.15901416540145874, 0.15596313774585724, 0.1626684069633484, 0.15622557699680328, 0.1615133285522461, 0.15294672548770905, 0.15682944655418396, 0.15302492678165436, 0.15385331213474274, 0.1545167863368988, 0.15623536705970764, 0.1579446792602539, 0.15137389302253723, 0.1485605388879776, 0.1491631716489792, 0.14721377193927765, 0.1540803164243698, 0.1498548686504364, 0.1460719257593155, 0.1502768099308014, 0.14674971997737885, 0.14584441483020782, 0.14678941667079926, 0.14680829644203186, 0.14467135071754456, 0.14459964632987976, 0.15676872432231903, 0.14813916385173798, 0.14408159255981445, 0.15429970622062683, 0.15422742068767548, 0.15948207676410675, 0.14341577887535095, 0.15554751455783844, 0.1573154479265213, 0.14499375224113464, 0.15103229880332947, 0.14998063445091248, 0.16672255098819733, 0.1438090205192566, 0.1789427250623703, 0.1716829389333725, 0.1575147658586502, 0.16887697577476501, 0.14768517017364502, 0.15614119172096252, 0.14951029419898987, 0.14462128281593323, 0.1598396748304367, 0.14879930019378662, 0.1424131691455841, 0.1481490135192871, 0.14747892320156097, 0.14047828316688538, 0.14521028101444244, 0.14217285811901093, 0.13227857649326324, 0.15195874869823456, 0.14715619385242462, 0.1368696689605713, 0.1446067839860916, 0.13944853842258453, 0.13194167613983154, 0.13926297426223755, 0.12966132164001465, 0.13398481905460358, 0.14052695035934448, 0.12646763026714325, 0.14138108491897583, 0.13951760530471802, 0.13443414866924286, 0.1548299640417099, 0.14558130502700806, 0.1320592314004898, 0.14360930025577545, 0.13601845502853394, 0.12914206087589264, 0.12594255805015564, 0.1250878870487213, 0.1413954496383667, 0.1348707228899002, 0.1256861835718155, 0.1225825771689415, 0.131099671125412, 0.12305394560098648, 0.12340720742940903, 0.13052020967006683, 0.12660817801952362, 0.12105690687894821, 0.12347599118947983, 0.1270836889743805, 0.13170386850833893, 0.1271948367357254, 0.11818567663431168, 0.119356669485569, 0.12246526777744293, 0.11881770193576813, 0.12504072487354279, 0.12506206333637238, 0.12423600256443024, 0.11922411620616913, 0.12207172065973282, 0.11917053908109665, 0.11976537853479385, 0.1167907789349556, 0.12348078936338425, 0.12559226155281067, 0.11357811093330383, 0.11980129033327103, 0.11752327531576157, 0.1176895722746849, 0.11831258982419968, 0.11818388849496841, 0.12307778000831604, 0.11391581594944, 0.11498034000396729, 0.11535550653934479, 0.12662366032600403, 0.11392473429441452, 0.12438520044088364, 0.1211061179637909, 0.12132015824317932, 0.11622771620750427, 0.12265664339065552, 0.12544146180152893, 0.12147427350282669, 0.11323759704828262, 0.116788849234581, 0.1131710335612297, 0.11023704707622528, 0.11111399531364441, 0.11916512995958328, 0.11468537151813507, 0.12177926301956177, 0.12251513451337814, 0.11499419808387756, 0.133847177028656, 0.11549486964941025, 0.11647089570760727, 0.11629746854305267, 0.1150297001004219, 0.10735305398702621, 0.11279217153787613, 0.11939524114131927, 0.12194693833589554, 0.12739677727222443, 0.1094483956694603, 0.11702004075050354, 0.10898653417825699, 0.11851657927036285, 0.11782721430063248, 0.1118684932589531, 0.11320967227220535, 0.10594163835048676, 0.10974427312612534, 0.10829836875200272, 0.11661319434642792, 0.10533265769481659, 0.10642109811306, 0.10997629910707474, 0.10998138040304184, 0.10274220257997513, 0.10952383279800415, 0.10732130706310272, 0.1122986301779747, 0.10441169142723083, 0.11125098913908005, 0.10351516306400299, 0.11251066625118256, 0.12022794038057327, 0.10311918705701828, 0.1151966005563736, 0.10635869950056076, 0.10431641340255737, 0.11453735083341599, 0.12006362527608871, 0.10713940858840942, 0.11417661607265472, 0.11571254581212997, 0.10827893763780594, 0.10907721519470215, 0.09955883771181107, 0.10437064617872238, 0.10538837313652039, 0.09630125015974045, 0.10684529691934586, 0.11071561276912689, 0.10367563366889954, 0.09985090792179108, 0.09527786076068878, 0.09940195083618164, 0.09864115715026855, 0.09709440171718597, 0.09432636201381683, 0.09679163992404938, 0.10329042375087738, 0.09614065289497375, 0.0918869823217392, 0.09715262055397034, 0.10157322138547897, 0.09620854258537292, 0.09791155159473419, 0.0947689339518547, 0.10099095851182938, 0.08741675317287445, 0.09921733289957047, 0.09340295195579529, 0.09115781635046005, 0.09136050939559937, 0.09394098073244095, 0.09137776494026184, 0.087392657995224, 0.08872862160205841, 0.09605205804109573, 0.09311863034963608, 0.09163574874401093, 0.0894942507147789, 0.0935736745595932, 0.09423355013132095, 0.09566936641931534, 0.09431459754705429, 0.09032082557678223, 0.10577140003442764, 0.09938479959964752, 0.09184413403272629, 0.09594015777111053, 0.09015709906816483, 0.09656374901533127, 0.09056093543767929, 0.09545651823282242, 0.09557696431875229, 0.1093636080622673]

Loss : [2.81451416015625, 2.756528615951538, 2.7008554935455322, 2.6530349254608154, 2.6299400329589844, 2.609361410140991, 2.5850470066070557, 2.559002637863159, 2.536407470703125, 2.512125015258789, 2.4902734756469727, 2.466193437576294, 2.4394690990448, 2.4163594245910645, 2.392805814743042, 2.3666107654571533, 2.3397438526153564, 2.3112573623657227, 2.2799460887908936, 2.245988130569458, 2.2119648456573486, 2.1772847175598145, 2.139400005340576, 2.097489833831787, 2.0548505783081055, 2.0095016956329346, 1.9609688520431519, 1.9081555604934692, 1.8524268865585327, 1.7945184707641602, 1.7299896478652954, 1.6632829904556274, 1.5905733108520508, 1.5183794498443604, 1.4428726434707642, 1.362486720085144, 1.2771021127700806, 1.1862376928329468, 1.090896487236023, 0.9974133372306824, 0.901176929473877, 0.8098748922348022, 0.7494324445724487, 0.7028889656066895, 0.6648430824279785, 0.6493525505065918, 0.6416930556297302, 0.6551659107208252, 0.674257755279541, 0.6714165806770325, 0.6621511578559875, 0.6709237098693848, 0.6605433821678162, 0.6214682459831238, 0.5783227682113647, 0.5563966631889343, 0.5334887504577637, 0.5103878974914551, 0.4982682168483734, 0.4929555058479309, 0.5008074045181274, 0.507792055606842, 0.4991523325443268, 0.49668020009994507, 0.4932060241699219, 0.48211705684661865, 0.466509073972702, 0.4485771656036377, 0.44190171360969543, 0.4396189749240875, 0.42886295914649963, 0.42305856943130493, 0.4237383306026459, 0.41147878766059875, 0.41074350476264954, 0.4003380537033081, 0.4004347026348114, 0.389540433883667, 0.3816947042942047, 0.38888269662857056, 0.37601494789123535, 0.3667038083076477, 0.371732622385025, 0.3653862476348877, 0.3505060374736786, 0.3484417498111725, 0.34668850898742676, 0.3383300006389618, 0.33744049072265625, 0.32430800795555115, 0.32406726479530334, 0.31687429547309875, 0.3208238482475281, 0.31340011954307556, 0.3108624815940857, 0.30321234464645386, 0.30512866377830505, 0.29384955763816833, 0.28710365295410156, 0.2920319736003876, 0.2857763469219208, 0.2752518355846405, 0.28124144673347473, 0.27458909153938293, 0.2704622745513916, 0.2638773024082184, 0.26474836468696594, 0.2560053765773773, 0.2541674077510834, 0.26021212339401245, 0.24408648908138275, 0.24292142689228058, 0.24717330932617188, 0.23679083585739136, 0.2404055893421173, 0.22598083317279816, 0.23609168827533722, 0.23546381294727325, 0.21155376732349396, 0.2237480878829956, 0.2134539633989334, 0.20819668471813202, 0.2015211135149002, 0.19762441515922546, 0.19947795569896698, 0.18695750832557678, 0.18755823373794556, 0.18202117085456848, 0.1736202836036682, 0.1735829859972, 0.18259911239147186, 0.17510348558425903, 0.17730841040611267, 0.16631515324115753, 0.1621376872062683, 0.15716449916362762, 0.15533609688282013, 0.15212900936603546, 0.13875024020671844, 0.14155860245227814, 0.13353215157985687, 0.1341295689344406, 0.11859600245952606, 0.11823683232069016, 0.11781375110149384, 0.12010525166988373, 0.12222717702388763, 0.13122795522212982, 0.12940728664398193, 0.11715417355298996, 0.13526862859725952, 0.13011878728866577, 0.13105931878089905, 0.12035516649484634, 0.12800578773021698, 0.11614135652780533, 0.12023904174566269, 0.11302119493484497, 0.11683397740125656, 0.10492197424173355, 0.1092950701713562, 0.10542597621679306, 0.11051563173532486, 0.11173136532306671, 0.11394510418176651, 0.10469327121973038, 0.10487726330757141, 0.09758645296096802, 0.11061924695968628, 0.1049315556883812, 0.11173833161592484, 0.10101014375686646, 0.10680455714464188, 0.09184430539608002, 0.10011184960603714, 0.09683916717767715, 0.09475617855787277, 0.09305210411548615, 0.09337788820266724, 0.10079263150691986, 0.09200010448694229, 0.08819391578435898, 0.0937834158539772, 0.09167303144931793, 0.09838990867137909, 0.0914779081940651, 0.08876972645521164, 0.09461423009634018, 0.09268426895141602, 0.08798544108867645, 0.08768120408058167, 0.08898868411779404, 0.09240882098674774, 0.08742943406105042, 0.10796453803777695, 0.10144007205963135, 0.101688452064991, 0.11413683742284775, 0.10761840641498566, 0.11556553840637207, 0.09233278036117554, 0.10532233864068985, 0.11165615171194077, 0.09949921816587448, 0.10343227535486221, 0.09907053411006927, 0.12579882144927979, 0.09153182059526443, 0.13484297692775726, 0.12847276031970978, 0.11827125400304794, 0.13368931412696838, 0.11556011438369751, 0.12208890914916992, 0.11295821517705917, 0.09892719238996506, 0.11668240278959274, 0.11246702820062637, 0.1041104793548584, 0.11487946659326553, 0.11446378380060196, 0.09948277473449707, 0.11184457689523697, 0.10888674110174179, 0.08939734846353531, 0.11104601621627808, 0.1024208664894104, 0.093891941010952, 0.1057514026761055, 0.1042068600654602, 0.09297118335962296, 0.10232463479042053, 0.09083307534456253, 0.09797140955924988, 0.10577233135700226, 0.0804230198264122, 0.10502753406763077, 0.1011141762137413, 0.08982911705970764, 0.11785533279180527, 0.10879122465848923, 0.0887589082121849, 0.10209453850984573, 0.09311060607433319, 0.09221948683261871, 0.09201576560735703, 0.08369539678096771, 0.10122515261173248, 0.08941654115915298, 0.09028923511505127, 0.08488213270902634, 0.0930514857172966, 0.08025524020195007, 0.08094031363725662, 0.08853350579738617, 0.08262687176465988, 0.08048662543296814, 0.08336828649044037, 0.088950015604496, 0.08761835843324661, 0.08399312198162079, 0.08050481230020523, 0.08165309578180313, 0.08559846878051758, 0.07584471255540848, 0.08628492802381516, 0.08739184588193893, 0.0811101645231247, 0.07389815151691437, 0.08276950567960739, 0.08054200559854507, 0.08321511000394821, 0.07686633616685867, 0.08729998767375946, 0.08787043392658234, 0.07483574748039246, 0.08546087890863419, 0.08233366161584854, 0.08608464151620865, 0.08425313234329224, 0.07505589723587036, 0.08377373963594437, 0.07802696526050568, 0.07646670192480087, 0.0761219710111618, 0.09382758289575577, 0.07873301208019257, 0.09147262573242188, 0.09099975973367691, 0.0902232751250267, 0.08117308467626572, 0.08893878012895584, 0.09528110176324844, 0.10013358294963837, 0.0835859552025795, 0.08785594254732132, 0.0827757716178894, 0.07435024529695511, 0.0730377659201622, 0.08722466230392456, 0.07767893373966217, 0.099451445043087, 0.09927856922149658, 0.07894551753997803, 0.10343792289495468, 0.08568613976240158, 0.09091272205114365, 0.08642873167991638, 0.08585547655820847, 0.08154898881912231, 0.08561310917139053, 0.08503129333257675, 0.09131553024053574, 0.09601258486509323, 0.07709859311580658, 0.09515302628278732, 0.07882707566022873, 0.08888086676597595, 0.08399377018213272, 0.07885020971298218, 0.0907299742102623, 0.0790792927145958, 0.08133254200220108, 0.08138853311538696, 0.09108228981494904, 0.07500943541526794, 0.07966818660497665, 0.08608803898096085, 0.08193083852529526, 0.0760224461555481, 0.07938559353351593, 0.0740053728222847, 0.08375497907400131, 0.07394594699144363, 0.08227813243865967, 0.07299115508794785, 0.0860404446721077, 0.09079065918922424, 0.07638490945100784, 0.0908629298210144, 0.08095691353082657, 0.08089602738618851, 0.08604066073894501, 0.09205684810876846, 0.08214805275201797, 0.09278561919927597, 0.09476594626903534, 0.08299227803945541, 0.08088018745183945, 0.06786683201789856, 0.0795755609869957, 0.08326803892850876, 0.06671230494976044, 0.07763974368572235, 0.08378195762634277, 0.07470550388097763, 0.07362991571426392, 0.06365500390529633, 0.06993816047906876, 0.06905746459960938, 0.0663381814956665, 0.06333758682012558, 0.06942973285913467, 0.07686164230108261, 0.06726175546646118, 0.06406959146261215, 0.07017894834280014, 0.0771753340959549, 0.06638036668300629, 0.07530909031629562, 0.07192887365818024, 0.07428408414125443, 0.054868184030056, 0.07181701064109802, 0.06012122333049774, 0.0633830651640892, 0.06462852656841278, 0.06837773323059082, 0.06246485188603401, 0.05923448130488396, 0.05571620166301727, 0.06794863939285278, 0.06572465598583221, 0.06439656019210815, 0.06293982267379761, 0.06498365849256516, 0.061597246676683426, 0.07192232459783554, 0.0719500258564949, 0.0661831647157669, 0.07857729494571686, 0.07310119271278381, 0.06704676896333694, 0.07261455804109573, 0.06387705355882645, 0.07044414430856705, 0.0640755295753479, 0.07461151480674744, 0.07058937847614288, 0.08795139938592911]

Validation root_mean_squared_error : [9.605433464050293, 9.592293739318848, 9.58838939666748, 9.584209442138672, 9.581624984741211, 9.579398155212402, 9.577108383178711, 9.566694259643555, 9.557171821594238, 9.548029899597168, 9.533231735229492, 9.513592720031738, 9.479562759399414, 9.425410270690918, 9.358199119567871, 9.279226303100586, 9.188586235046387, 9.087483406066895, 8.976784706115723, 8.85710334777832, 8.739004135131836, 8.622575759887695, 8.506807327270508, 8.384358406066895, 8.25318717956543, 8.108145713806152, 7.9496026039123535, 7.777926921844482, 7.6090240478515625, 7.450169563293457, 7.281033039093018, 7.103720188140869, 6.909677028656006, 6.686495780944824, 6.439972400665283, 6.179755210876465, 5.906796932220459, 5.61406135559082, 5.310784339904785, 5.031903266906738, 4.767757415771484, 4.508007526397705, 4.260552883148193, 4.008900165557861, 3.7772319316864014, 3.584073543548584, 3.4120430946350098, 3.296072244644165, 3.222095012664795, 3.182516098022461, 3.1631691455841064, 3.151278257369995, 3.1519994735717773, 3.1701245307922363, 3.1996757984161377, 3.249221086502075, 3.3270373344421387, 3.4227397441864014, 3.461397409439087, 3.4700987339019775, 3.4689745903015137, 3.4567275047302246, 3.435819149017334, 3.4065804481506348, 3.3689382076263428, 3.3278231620788574, 3.277247667312622, 3.21524977684021, 3.136850595474243, 3.075882911682129, 3.04396390914917, 3.0214171409606934, 2.9810173511505127, 2.943582057952881, 2.944828510284424, 2.985471725463867, 2.996565103530884, 2.9551048278808594, 2.925624132156372, 2.9105520248413086, 2.8730523586273193, 2.8485865592956543, 2.8256289958953857, 2.8005573749542236, 2.763117790222168, 2.7189650535583496, 2.693467855453491, 2.695862293243408, 2.65814208984375, 2.640090227127075, 2.6339430809020996, 2.63141131401062, 2.6390175819396973, 2.6180784702301025, 2.5746395587921143, 2.50434947013855, 2.4625091552734375, 2.453648328781128, 2.4505293369293213, 2.414031982421875, 2.3870787620544434, 2.349536657333374, 2.3684182167053223, 2.3499631881713867, 2.323669195175171, 2.278651237487793, 2.229954242706299, 2.2123231887817383, 2.2251667976379395, 2.185065269470215, 2.1207375526428223, 2.0859549045562744, 2.0885910987854004, 2.117044687271118, 2.0950098037719727, 2.0271964073181152, 1.9851906299591064, 1.993787407875061, 1.9860621690750122, 1.9289747476577759, 1.875365972518921, 1.8613829612731934, 1.8750128746032715, 1.8801770210266113, 1.859997034072876, 1.813593864440918, 1.8120036125183105, 1.778213620185852, 1.7137749195098877, 1.682104229927063, 1.6677947044372559, 1.6548969745635986, 1.6262001991271973, 1.6203402280807495, 1.6292678117752075, 1.6212263107299805, 1.5986156463623047, 1.5639657974243164, 1.5207006931304932, 1.488640546798706, 1.4693022966384888, 1.458691954612732, 1.4482530355453491, 1.4670199155807495, 1.461593747138977, 1.4228999614715576, 1.3894658088684082, 1.3787970542907715, 1.385527491569519, 1.3764333724975586, 1.4006249904632568, 1.4516193866729736, 1.445576786994934, 1.4196745157241821, 1.444516658782959, 1.4322209358215332, 1.3965308666229248, 1.38071608543396, 1.4142119884490967, 1.4151567220687866, 1.4028574228286743, 1.4382762908935547, 1.4521921873092651, 1.431291937828064, 1.4237933158874512, 1.424958348274231, 1.3999966382980347, 1.379090428352356, 1.3946095705032349, 1.4226208925247192, 1.3987661600112915, 1.3971470594406128, 1.4117143154144287, 1.4160352945327759, 1.3873028755187988, 1.391554594039917, 1.414984107017517, 1.4270188808441162, 1.429220199584961, 1.4038546085357666, 1.3987854719161987, 1.4037398099899292, 1.3951655626296997, 1.412777066230774, 1.4076762199401855, 1.3934012651443481, 1.401328206062317, 1.3809301853179932, 1.3855135440826416, 1.3970710039138794, 1.4151480197906494, 1.4089006185531616, 1.4097073078155518, 1.387861728668213, 1.370190978050232, 1.3768402338027954, 1.4098199605941772, 1.4170606136322021, 1.4043554067611694, 1.3980801105499268, 1.4100799560546875, 1.3977973461151123, 1.3816711902618408, 1.3813450336456299, 1.4137310981750488, 1.4456719160079956, 1.4266875982284546, 1.389224648475647, 1.3920270204544067, 1.4206743240356445, 1.420924186706543, 1.3765738010406494, 1.362443447113037, 1.3752161264419556, 1.4135820865631104, 1.4425500631332397, 1.4259084463119507, 1.4030689001083374, 1.3913127183914185, 1.3954087495803833, 1.3850303888320923, 1.3713279962539673, 1.36944580078125, 1.3811163902282715, 1.410207748413086, 1.415907621383667, 1.3893345594406128, 1.3764046430587769, 1.38777756690979, 1.3711135387420654, 1.366065263748169, 1.3614681959152222, 1.37847101688385, 1.397741675376892, 1.3872618675231934, 1.381313681602478, 1.3940767049789429, 1.3893053531646729, 1.3840813636779785, 1.3822181224822998, 1.3854955434799194, 1.4078811407089233, 1.4097980260849, 1.3878793716430664, 1.3671880960464478, 1.3726660013198853, 1.3733526468276978, 1.368579387664795, 1.374043345451355, 1.386310338973999, 1.4008240699768066, 1.3867357969284058, 1.3750723600387573, 1.3768415451049805, 1.3732712268829346, 1.3713668584823608, 1.3889411687850952, 1.4075992107391357, 1.4015098810195923, 1.3904051780700684, 1.3827407360076904, 1.382950782775879, 1.3809634447097778, 1.3927727937698364, 1.4068934917449951, 1.4104552268981934, 1.3984850645065308, 1.392609715461731, 1.3870295286178589, 1.3764194250106812, 1.3742557764053345, 1.3829947710037231, 1.3959687948226929, 1.3896113634109497, 1.385945200920105, 1.3790488243103027, 1.3748611211776733, 1.3745146989822388, 1.3865560293197632, 1.4027488231658936, 1.404556393623352, 1.3945305347442627, 1.3969272375106812, 1.3883068561553955, 1.3751215934753418, 1.3784581422805786, 1.403730869293213, 1.4001638889312744, 1.3784277439117432, 1.377916932106018, 1.392114281654358, 1.3801207542419434, 1.3656139373779297, 1.3715406656265259, 1.392407774925232, 1.4017354249954224, 1.395739197731018, 1.3943313360214233, 1.408538818359375, 1.3983694314956665, 1.3843181133270264, 1.383765459060669, 1.4008644819259644, 1.417645812034607, 1.404478907585144, 1.385688066482544, 1.3890931606292725, 1.397855281829834, 1.39034104347229, 1.3735780715942383, 1.3717830181121826, 1.3810988664627075, 1.3919885158538818, 1.3792165517807007, 1.3807579278945923, 1.3996769189834595, 1.4123122692108154, 1.402098298072815, 1.382110357284546, 1.3756086826324463, 1.3856475353240967, 1.410501480102539, 1.4160549640655518, 1.4122645854949951, 1.40699303150177, 1.3991222381591797, 1.382765531539917, 1.374346375465393, 1.3777024745941162, 1.4001598358154297, 1.4030671119689941, 1.3888206481933594, 1.3917840719223022, 1.406541109085083, 1.3995670080184937, 1.3831896781921387, 1.3848004341125488, 1.391776204109192, 1.3999508619308472, 1.3963356018066406, 1.392149567604065, 1.406753659248352, 1.4159727096557617, 1.4002723693847656, 1.3758009672164917, 1.371254563331604, 1.3792188167572021, 1.3904348611831665, 1.4047935009002686, 1.4087804555892944, 1.4107953310012817, 1.4148081541061401, 1.4073865413665771, 1.3890093564987183, 1.3776016235351562, 1.379926085472107, 1.395301342010498, 1.4118282794952393, 1.4156867265701294, 1.4060736894607544, 1.3901050090789795, 1.3820997476577759, 1.3821372985839844, 1.3964078426361084, 1.3989671468734741, 1.4002028703689575, 1.4128520488739014, 1.4081714153289795, 1.3935503959655762, 1.392961859703064, 1.402877688407898, 1.3963950872421265, 1.398423671722412, 1.4109423160552979, 1.4070661067962646, 1.3926489353179932, 1.3952666521072388, 1.408851146697998, 1.4065812826156616, 1.4056674242019653, 1.407418966293335, 1.393183946609497, 1.3911573886871338, 1.4021145105361938, 1.4133261442184448, 1.4106391668319702, 1.4068551063537598, 1.4122308492660522, 1.4034316539764404, 1.3972383737564087, 1.3950839042663574, 1.3984084129333496, 1.403870701789856, 1.4155969619750977, 1.4274827241897583, 1.4178516864776611, 1.3987632989883423, 1.3963080644607544, 1.4038364887237549, 1.411421537399292]

Validation loss : [6.7170000076293945, 6.675241947174072, 6.6339030265808105, 6.596054553985596, 6.558080673217773, 6.5197601318359375, 6.48484992980957, 6.450205326080322, 6.417562007904053, 6.395809650421143, 6.3765130043029785, 6.356195449829102, 6.330327033996582, 6.293798446655273, 6.249326705932617, 6.197509288787842, 6.137817859649658, 6.070865154266357, 5.997035503387451, 5.916534900665283, 5.8366618156433105, 5.757623672485352, 5.6786112785339355, 5.594030857086182, 5.502242565155029, 5.399775505065918, 5.286576271057129, 5.1625142097473145, 5.036886692047119, 4.9157938957214355, 4.787292003631592, 4.648793697357178, 4.496690273284912, 4.327037334442139, 4.143627643585205, 3.9491803646087646, 3.7432384490966797, 3.524672269821167, 3.3013949394226074, 3.0779988765716553, 2.865330934524536, 2.6512439250946045, 2.452160358428955, 2.2995457649230957, 2.1630544662475586, 2.0174503326416016, 1.873822569847107, 1.7850888967514038, 1.747634768486023, 1.7470481395721436, 1.7552082538604736, 1.7385526895523071, 1.7171571254730225, 1.7055909633636475, 1.7159003019332886, 1.7490239143371582, 1.8133127689361572, 1.8904868364334106, 1.9372354745864868, 1.9644569158554077, 1.975810170173645, 1.9689747095108032, 1.9537999629974365, 1.938684344291687, 1.918318510055542, 1.889596700668335, 1.8552502393722534, 1.814363956451416, 1.7609070539474487, 1.7184430360794067, 1.6788253784179688, 1.6471201181411743, 1.6143059730529785, 1.5909669399261475, 1.5956788063049316, 1.6279670000076294, 1.6511614322662354, 1.6337305307388306, 1.6311008930206299, 1.6335935592651367, 1.6130820512771606, 1.5997304916381836, 1.5778155326843262, 1.546495795249939, 1.508471131324768, 1.4681075811386108, 1.4471346139907837, 1.4591679573059082, 1.4490667581558228, 1.4638895988464355, 1.4819350242614746, 1.5049139261245728, 1.5175124406814575, 1.495098352432251, 1.4625577926635742, 1.4210432767868042, 1.3910303115844727, 1.376434564590454, 1.369675874710083, 1.3506157398223877, 1.3497074842453003, 1.340125322341919, 1.3572325706481934, 1.3492023944854736, 1.3452259302139282, 1.3294358253479004, 1.297300934791565, 1.2706795930862427, 1.2704057693481445, 1.2663438320159912, 1.25435471534729, 1.2474205493927002, 1.2502944469451904, 1.2608461380004883, 1.2466751337051392, 1.212486743927002, 1.1975997686386108, 1.2054535150527954, 1.2045756578445435, 1.1763862371444702, 1.1574803590774536, 1.1523888111114502, 1.1480436325073242, 1.1548247337341309, 1.1624233722686768, 1.151414155960083, 1.1567375659942627, 1.1289464235305786, 1.0875849723815918, 1.0660278797149658, 1.0544226169586182, 1.0440346002578735, 1.0419224500656128, 1.0598118305206299, 1.0693364143371582, 1.0600193738937378, 1.0525708198547363, 1.0427197217941284, 1.0145751237869263, 0.9806987643241882, 0.9725392460823059, 0.9850531816482544, 0.9963556528091431, 1.0114415884017944, 1.0080479383468628, 0.9802393913269043, 0.9642288684844971, 0.9549089670181274, 0.9495834708213806, 0.9467800855636597, 0.974058210849762, 1.0114506483078003, 1.0125218629837036, 0.9894264340400696, 0.9948385953903198, 0.9803058505058289, 0.9526086449623108, 0.9231840372085571, 0.9400470852851868, 0.9513981938362122, 0.9416803121566772, 0.9463611841201782, 0.9562050700187683, 0.9602630734443665, 0.9512448310852051, 0.9364303946495056, 0.9170194268226624, 0.9247906804084778, 0.9309825301170349, 0.9365589022636414, 0.9363936185836792, 0.9418042898178101, 0.9314259886741638, 0.9241054058074951, 0.9126677513122559, 0.9108082056045532, 0.9213782548904419, 0.9328568577766418, 0.934066891670227, 0.9177044034004211, 0.9118797183036804, 0.9070135951042175, 0.9120713472366333, 0.9316498637199402, 0.9239633679389954, 0.9087415933609009, 0.910683810710907, 0.8892451524734497, 0.8890947699546814, 0.9048644304275513, 0.9162812829017639, 0.9021763205528259, 0.9096333980560303, 0.9157036542892456, 0.895799994468689, 0.8851275444030762, 0.9006630778312683, 0.9216879606246948, 0.926071047782898, 0.9044268131256104, 0.8868690133094788, 0.8774999380111694, 0.882195234298706, 0.898129403591156, 0.895549476146698, 0.8999085426330566, 0.9024967551231384, 0.9128338098526001, 0.9075941443443298, 0.8959159255027771, 0.8734715580940247, 0.8490515351295471, 0.8791772127151489, 0.8943026661872864, 0.9002286791801453, 0.9022310376167297, 0.8889480233192444, 0.887031078338623, 0.9011974930763245, 0.894225001335144, 0.8708701729774475, 0.8582293391227722, 0.8642882704734802, 0.8840961456298828, 0.9081658124923706, 0.9054057002067566, 0.883449912071228, 0.866802990436554, 0.860434353351593, 0.8716318607330322, 0.879372775554657, 0.8717393279075623, 0.8560882210731506, 0.8564393520355225, 0.8780747056007385, 0.8946215510368347, 0.8897716403007507, 0.8644505143165588, 0.8500027656555176, 0.8630791306495667, 0.8887963891029358, 0.9023182392120361, 0.887151300907135, 0.8652146458625793, 0.8590592741966248, 0.8652897477149963, 0.8736739754676819, 0.8744767308235168, 0.866635799407959, 0.8620070219039917, 0.8699503540992737, 0.8766694664955139, 0.8681142330169678, 0.8627278804779053, 0.8679507374763489, 0.8698190450668335, 0.8594405055046082, 0.8644508123397827, 0.8899224996566772, 0.8835957646369934, 0.8559222221374512, 0.8529117703437805, 0.876258373260498, 0.8767915368080139, 0.8658778667449951, 0.873803436756134, 0.8886727690696716, 0.8801769018173218, 0.8565461039543152, 0.8564647436141968, 0.8765714168548584, 0.8758323192596436, 0.8662065267562866, 0.8609716892242432, 0.8603190779685974, 0.8726808428764343, 0.8709328174591064, 0.8567460179328918, 0.8552592992782593, 0.8762657046318054, 0.8883833289146423, 0.8801642656326294, 0.8631064295768738, 0.8696749210357666, 0.8779172301292419, 0.8679643869400024, 0.8656130433082581, 0.8717712759971619, 0.881036102771759, 0.8787053227424622, 0.8539119958877563, 0.8443934917449951, 0.8528091907501221, 0.8704418540000916, 0.8740358948707581, 0.8632284998893738, 0.8737195730209351, 0.879764199256897, 0.8705251216888428, 0.8678650259971619, 0.8784369230270386, 0.8826149702072144, 0.8721317052841187, 0.8582012057304382, 0.8562896251678467, 0.8705198764801025, 0.8769250512123108, 0.8672991991043091, 0.8530632853507996, 0.8614009618759155, 0.8665363192558289, 0.8593536019325256, 0.8555142879486084, 0.8647283911705017, 0.8734151124954224, 0.8711075186729431, 0.8658978343009949, 0.8721298575401306, 0.8749596476554871, 0.8609979748725891, 0.8537909984588623, 0.8671187162399292, 0.8881097435951233, 0.8870555758476257, 0.8737170696258545, 0.8581305146217346, 0.8630505800247192, 0.8696284294128418, 0.866573691368103, 0.8567764759063721, 0.8682856559753418, 0.8841260671615601, 0.8825934529304504, 0.8623351454734802, 0.8562138080596924, 0.8726599812507629, 0.8772557377815247, 0.859856903553009, 0.846966028213501, 0.856005072593689, 0.8746778964996338, 0.8817843794822693, 0.8639386296272278, 0.855475664138794, 0.8627740740776062, 0.8654664754867554, 0.8676434755325317, 0.8675664067268372, 0.8658389449119568, 0.8729279041290283, 0.871821939945221, 0.8680461645126343, 0.875756561756134, 0.8747819662094116, 0.8568297624588013, 0.8516477942466736, 0.8678714036941528, 0.8739871382713318, 0.8679644465446472, 0.8707815408706665, 0.8675340414047241, 0.8518798351287842, 0.8500944375991821, 0.859902024269104, 0.8738256096839905, 0.8664818406105042, 0.8607476949691772, 0.8731189370155334, 0.8743043541908264, 0.8568998575210571, 0.853066086769104, 0.8631026744842529, 0.8768642544746399, 0.8722853064537048, 0.8597532510757446, 0.8675930500030518, 0.873296320438385, 0.8619949817657471, 0.8713029026985168, 0.8748639822006226, 0.864556610584259, 0.8605054020881653, 0.8597985506057739, 0.8628357648849487, 0.875893771648407, 0.8747313022613525, 0.8619131445884705, 0.8571887612342834, 0.8696379065513611, 0.8769214749336243, 0.8603781461715698, 0.8578055500984192, 0.8704341053962708, 0.8814066052436829, 0.8722386360168457, 0.8647425174713135, 0.8756065964698792, 0.8742920756340027, 0.8598600625991821, 0.8582004308700562]

