Name : 2024.09.01.12.54.41
Type : mo_asy

Batch size : 1000
Epochs : 300
Validation split : 0.2
Feats : 12
Res list : ['er_10']

Test root_mean_squared_error : 2.020071029663086
Test loss : 1.3733726739883423

Summary :

Model: "functional"
+--------------------------------------------------------------------------------------+
| Layer (type)                         | Output Shape                |         Param # |
|--------------------------------------+-----------------------------+-----------------|
| input_layer (InputLayer)             | (None, 12)                  |               0 |
|--------------------------------------+-----------------------------+-----------------|
| batch_normalization                  | (None, 12)                  |              48 |
| (BatchNormalization)                 |                             |                 |
|--------------------------------------+-----------------------------+-----------------|
| dense (Dense)                        | (None, 50)                  |             650 |
|--------------------------------------+-----------------------------+-----------------|
| dense_1 (Dense)                      | (None, 50)                  |           2,550 |
|--------------------------------------+-----------------------------+-----------------|
| dense_2 (Dense)                      | (None, 50)                  |           2,550 |
|--------------------------------------+-----------------------------+-----------------|
| er_10 (Dense)                        | (None, 1)                   |              51 |
+--------------------------------------------------------------------------------------+
 Total params: 17,501 (68.37 KB)
 Trainable params: 5,825 (22.75 KB)
 Non-trainable params: 24 (96.00 B)
 Optimizer params: 11,652 (45.52 KB)

root_mean_squared_error : [4.267221450805664, 4.240715980529785, 4.2207417488098145, 4.207369804382324, 4.206539154052734, 4.214783668518066, 4.217158794403076, 4.20198392868042, 4.17554235458374, 4.146052360534668, 4.114443778991699, 4.083503246307373, 4.053069591522217, 4.019587993621826, 3.983304023742676, 3.9444286823272705, 3.903146505355835, 3.8596177101135254, 3.8139755725860596, 3.754456043243408, 3.6834166049957275, 3.6120991706848145, 3.540210485458374, 3.4674928188323975, 3.3937344551086426, 3.312427520751953, 3.2237300872802734, 3.127812385559082, 3.024871826171875, 2.9151482582092285, 2.7944648265838623, 2.6644346714019775, 2.532745838165283, 2.4010016918182373, 2.268756151199341, 2.1295106410980225, 1.9852513074874878, 1.8387715816497803, 1.691677451133728, 1.5565125942230225, 1.436131477355957, 1.328610897064209, 1.226048231124878, 1.1482768058776855, 1.0977586507797241, 1.0671149492263794, 1.0497685670852661, 1.0473970174789429, 1.0388095378875732, 1.016661286354065, 0.9980571866035461, 0.9794520735740662, 0.9478204250335693, 0.8945152759552002, 0.8457266092300415, 0.8088375329971313, 0.7848474979400635, 0.7700663208961487, 0.7509408593177795, 0.7314897775650024, 0.7184865474700928, 0.709662139415741, 0.7001478672027588, 0.6911377906799316, 0.6814429759979248, 0.6683030724525452, 0.655933678150177, 0.6425776481628418, 0.6260947585105896, 0.6102551221847534, 0.5905590653419495, 0.5745030045509338, 0.5612103939056396, 0.5530310869216919, 0.5484756827354431, 0.5445538759231567, 0.5276318192481995, 0.5086835026741028, 0.494020015001297, 0.48740407824516296, 0.4750201106071472, 0.46450838446617126, 0.4567255973815918, 0.4572793245315552, 0.44437167048454285, 0.43484705686569214, 0.43464651703834534, 0.44263502955436707, 0.4316585659980774, 0.42014268040657043, 0.42206746339797974, 0.41734743118286133, 0.4151073396205902, 0.4202893376350403, 0.4112505614757538, 0.4102728068828583, 0.40300580859184265, 0.3988640606403351, 0.402686208486557, 0.40039435029029846, 0.4015965461730957, 0.3983091711997986, 0.39578601717948914, 0.3950629234313965, 0.3897465765476227, 0.38885578513145447, 0.3903898596763611, 0.38444510102272034, 0.38008415699005127, 0.37728211283683777, 0.3751792013645172, 0.3907318115234375, 0.38404688239097595, 0.3809414207935333, 0.3812675178050995, 0.37872448563575745, 0.37328198552131653, 0.36707645654678345, 0.366655170917511, 0.3706364929676056, 0.37329792976379395, 0.36517134308815, 0.3603791892528534, 0.35913169384002686, 0.36286813020706177, 0.359657347202301, 0.36125385761260986, 0.36085498332977295, 0.36314281821250916, 0.3530927300453186, 0.351739764213562, 0.35188359022140503, 0.3569154441356659, 0.35384470224380493, 0.35212260484695435, 0.34917986392974854, 0.34870103001594543, 0.3539900481700897, 0.3469540774822235, 0.3455660343170166, 0.3409639298915863, 0.3437691628932953, 0.33971160650253296, 0.34618231654167175, 0.34535571932792664, 0.3441977798938751, 0.3539722263813019, 0.3502422571182251, 0.34057870507240295, 0.3349716365337372, 0.3345423638820648, 0.34022411704063416, 0.33590802550315857, 0.3311563730239868, 0.33180147409439087, 0.33471623063087463, 0.33369213342666626, 0.322770357131958, 0.3213222324848175, 0.3255532383918762, 0.33966341614723206, 0.341086208820343, 0.33367761969566345, 0.3251519501209259, 0.32172805070877075, 0.3196507692337036, 0.3195466697216034, 0.3259927034378052, 0.3265332281589508, 0.3207242488861084, 0.3214361369609833, 0.32481592893600464, 0.31896787881851196, 0.31601640582084656, 0.31745225191116333, 0.3270893692970276, 0.32140299677848816, 0.3128368854522705, 0.3093317747116089, 0.3176686763763428, 0.3205546736717224, 0.32144275307655334, 0.31572139263153076, 0.31367239356040955, 0.31681013107299805, 0.3127431571483612, 0.3050835132598877, 0.3077370226383209, 0.30473557114601135, 0.31422364711761475, 0.3116091787815094, 0.3101254999637604, 0.30732858180999756, 0.3123187720775604, 0.30633315443992615, 0.3085046112537384, 0.30439493060112, 0.30884966254234314, 0.30366799235343933, 0.30717772245407104, 0.3040178120136261, 0.3085869550704956, 0.30241459608078003, 0.30155590176582336, 0.3047943115234375, 0.3035629391670227, 0.3050231635570526, 0.29604700207710266, 0.3045569062232971, 0.3055405616760254, 0.3010036051273346, 0.29639220237731934, 0.2970256209373474, 0.3022015392780304, 0.30170124769210815, 0.2922018766403198, 0.2902348041534424, 0.2919882833957672, 0.29846203327178955, 0.30207324028015137, 0.28785061836242676, 0.2873489558696747, 0.28510570526123047, 0.28817451000213623, 0.2957744002342224, 0.2883017063140869, 0.28871920704841614, 0.2902248799800873, 0.292100727558136, 0.2908928096294403, 0.28718501329421997, 0.28202566504478455, 0.2858489751815796, 0.2846533954143524, 0.282822847366333, 0.28403612971305847, 0.28838279843330383, 0.28443315625190735, 0.2844773530960083, 0.2852478325366974, 0.29114431142807007, 0.28497472405433655, 0.28454262018203735, 0.28498607873916626, 0.2826026380062103, 0.27716824412345886, 0.2825782895088196, 0.2805193364620209, 0.28436246514320374, 0.28120705485343933, 0.28444141149520874, 0.2858991026878357, 0.27458587288856506, 0.2737930417060852, 0.27630946040153503, 0.2912675142288208, 0.2825908362865448, 0.273301899433136, 0.2744167447090149, 0.2778366208076477, 0.2889382243156433, 0.2831246554851532, 0.27748191356658936, 0.279112845659256, 0.272685706615448, 0.28515341877937317, 0.28287118673324585, 0.27113261818885803, 0.2749737799167633, 0.2759315073490143, 0.27820345759391785, 0.28658735752105713, 0.2739505171775818, 0.27093371748924255, 0.27405259013175964, 0.2677731513977051, 0.2814027667045593, 0.2826676368713379, 0.2709583640098572, 0.2764810025691986, 0.27160537242889404, 0.28057780861854553, 0.2775503993034363, 0.2648886442184448, 0.26877275109291077, 0.2686557173728943, 0.26907283067703247, 0.27029135823249817, 0.2661345601081848, 0.2669858932495117, 0.2627967298030853, 0.2685908079147339, 0.26804184913635254, 0.26989850401878357, 0.2678951025009155, 0.26605361700057983, 0.2658246159553528, 0.26699745655059814, 0.26230528950691223, 0.26387321949005127]

Loss : [2.7251923084259033, 2.6575136184692383, 2.590857982635498, 2.5320932865142822, 2.484509229660034, 2.4725170135498047, 2.4598701000213623, 2.4354426860809326, 2.4036612510681152, 2.3680195808410645, 2.3396966457366943, 2.3165206909179688, 2.2941927909851074, 2.2712271213531494, 2.246025800704956, 2.218684673309326, 2.1892478466033936, 2.1577131748199463, 2.1243393421173096, 2.090196132659912, 2.0540144443511963, 2.015902519226074, 1.9749876260757446, 1.931060791015625, 1.885332465171814, 1.836737036705017, 1.7846465110778809, 1.7288463115692139, 1.6690993309020996, 1.6078072786331177, 1.5404973030090332, 1.468784213066101, 1.3969446420669556, 1.3209081888198853, 1.243390679359436, 1.1635092496871948, 1.0762763023376465, 0.9859347343444824, 0.9020946621894836, 0.8387628793716431, 0.7821491360664368, 0.7279444336891174, 0.6814613342285156, 0.6573367714881897, 0.6442083120346069, 0.636319100856781, 0.6222629547119141, 0.6298708915710449, 0.6370346546173096, 0.6473708152770996, 0.6354622840881348, 0.6257219910621643, 0.6120579242706299, 0.5800045132637024, 0.5649135708808899, 0.547372579574585, 0.5263997912406921, 0.5313798785209656, 0.5218896269798279, 0.5076107382774353, 0.5042202472686768, 0.4939784109592438, 0.48652705550193787, 0.4841196537017822, 0.4773663878440857, 0.46467119455337524, 0.45454105734825134, 0.44203993678092957, 0.4281659424304962, 0.4145277738571167, 0.4009312391281128, 0.39239034056663513, 0.38746702671051025, 0.37558531761169434, 0.3747658431529999, 0.3736795485019684, 0.36494702100753784, 0.35699713230133057, 0.3469323217868805, 0.3435933589935303, 0.3292144238948822, 0.3275081217288971, 0.3129662871360779, 0.3133927583694458, 0.3070557713508606, 0.306273877620697, 0.30011725425720215, 0.30641984939575195, 0.304072767496109, 0.2871646583080292, 0.2971508800983429, 0.29169023036956787, 0.28422433137893677, 0.29484501481056213, 0.2801252603530884, 0.2803495228290558, 0.2746873199939728, 0.2650301158428192, 0.2662583291530609, 0.26043060421943665, 0.2698953449726105, 0.2580143213272095, 0.2615937292575836, 0.2610206604003906, 0.24745933711528778, 0.2508135735988617, 0.2522332966327667, 0.2470601201057434, 0.26126882433891296, 0.2599320411682129, 0.23752470314502716, 0.2555367648601532, 0.24758519232273102, 0.25466763973236084, 0.2509409785270691, 0.23406094312667847, 0.23557068407535553, 0.23180660605430603, 0.2320452481508255, 0.2269236445426941, 0.23230047523975372, 0.22262807190418243, 0.22308939695358276, 0.2211928814649582, 0.2232149988412857, 0.2143888920545578, 0.22050511837005615, 0.20949135720729828, 0.21659359335899353, 0.2080087661743164, 0.2164987325668335, 0.2066180408000946, 0.2114935964345932, 0.20718619227409363, 0.209475576877594, 0.21241642534732819, 0.2002033293247223, 0.2053826004266739, 0.2012835294008255, 0.2040470391511917, 0.19311484694480896, 0.21711422502994537, 0.19579598307609558, 0.21822397410869598, 0.20962858200073242, 0.21058499813079834, 0.21874846518039703, 0.20258161425590515, 0.20018185675144196, 0.20295855402946472, 0.19716696441173553, 0.19544804096221924, 0.18620415031909943, 0.1968919336795807, 0.198759987950325, 0.19132360816001892, 0.1929311752319336, 0.1785142570734024, 0.19035932421684265, 0.18469025194644928, 0.18713223934173584, 0.18704132735729218, 0.183516263961792, 0.17126493155956268, 0.17768926918506622, 0.17929622530937195, 0.18490548431873322, 0.17523327469825745, 0.17035707831382751, 0.17579852044582367, 0.17612583935260773, 0.18224270641803741, 0.17881540954113007, 0.17365503311157227, 0.1635051965713501, 0.1789902001619339, 0.16899056732654572, 0.17718514800071716, 0.17025059461593628, 0.1721327006816864, 0.1670437455177307, 0.17602117359638214, 0.17353764176368713, 0.1704752892255783, 0.16377538442611694, 0.16565415263175964, 0.1664048433303833, 0.17272214591503143, 0.15680648386478424, 0.1735764592885971, 0.166245698928833, 0.16835972666740417, 0.1645994633436203, 0.16966210305690765, 0.15395024418830872, 0.1696271449327469, 0.15629562735557556, 0.16555890440940857, 0.1505550891160965, 0.1669338047504425, 0.15654657781124115, 0.17986707389354706, 0.1653604805469513, 0.15953636169433594, 0.16775566339492798, 0.16353312134742737, 0.17397697269916534, 0.15370507538318634, 0.16855759918689728, 0.15901696681976318, 0.15463092923164368, 0.14967133104801178, 0.1522960364818573, 0.15585297346115112, 0.16109247505664825, 0.15114882588386536, 0.16421888768672943, 0.16237539052963257, 0.15778429806232452, 0.16068173944950104, 0.14392250776290894, 0.1577776074409485, 0.15424375236034393, 0.15052740275859833, 0.15572062134742737, 0.14273454248905182, 0.14909343421459198, 0.14658375084400177, 0.14358869194984436, 0.14034514129161835, 0.1437975913286209, 0.14828945696353912, 0.14046184718608856, 0.13788919150829315, 0.14151553809642792, 0.1412426233291626, 0.14498566091060638, 0.13829229772090912, 0.14857332408428192, 0.13640598952770233, 0.15312349796295166, 0.14001594483852386, 0.14174750447273254, 0.13750207424163818, 0.14350546896457672, 0.1380629539489746, 0.14359594881534576, 0.13205654919147491, 0.15563148260116577, 0.14493787288665771, 0.14497962594032288, 0.1532076597213745, 0.1365571767091751, 0.14269977807998657, 0.1301562786102295, 0.16041265428066254, 0.14672526717185974, 0.15122650563716888, 0.15409448742866516, 0.13692720234394073, 0.1548433154821396, 0.144390270113945, 0.15576373040676117, 0.16686932742595673, 0.14051367342472076, 0.15451882779598236, 0.15452544391155243, 0.14042790234088898, 0.15257684886455536, 0.14481644332408905, 0.14469392597675323, 0.16105401515960693, 0.13401739299297333, 0.15105122327804565, 0.15880903601646423, 0.13546016812324524, 0.15942147374153137, 0.157660111784935, 0.1350746899843216, 0.15333406627178192, 0.13674476742744446, 0.1519821584224701, 0.1506192684173584, 0.13019518554210663, 0.14617925882339478, 0.13800257444381714, 0.13907897472381592, 0.14153170585632324, 0.12912872433662415, 0.14057043194770813, 0.12996304035186768, 0.15074045956134796, 0.14352504909038544, 0.1389957219362259, 0.1361580640077591, 0.13818061351776123, 0.13199517130851746, 0.13645470142364502, 0.12465053051710129, 0.13007719814777374]

Validation root_mean_squared_error : [8.033379554748535, 8.04848575592041, 8.067840576171875, 8.100982666015625, 8.14361572265625, 8.166749954223633, 8.154778480529785, 8.120316505432129, 8.078654289245605, 8.031570434570312, 7.986499786376953, 7.943305015563965, 7.895472049713135, 7.843472957611084, 7.78769063949585, 7.728451251983643, 7.666022777557373, 7.600623607635498, 7.509934425354004, 7.398103713989258, 7.2868146896362305, 7.175756931304932, 7.064621925354004, 6.953100204467773, 6.828418254852295, 6.6908721923828125, 6.5407257080078125, 6.378231525421143, 6.203652381896973, 6.004472255706787, 5.78277587890625, 5.55398416519165, 5.3286309242248535, 5.105932235717773, 4.867123603820801, 4.614572525024414, 4.350864887237549, 4.070318222045898, 3.8008623123168945, 3.5429627895355225, 3.3117313385009766, 3.0723185539245605, 2.839217185974121, 2.6344947814941406, 2.470865249633789, 2.3411858081817627, 2.2357749938964844, 2.150845527648926, 2.087623119354248, 2.0405428409576416, 2.0123655796051025, 2.004093885421753, 2.016873836517334, 2.053572416305542, 2.0879759788513184, 2.1064538955688477, 2.1244044303894043, 2.1530747413635254, 2.1921780109405518, 2.2296037673950195, 2.2381467819213867, 2.234811782836914, 2.222612142562866, 2.212355613708496, 2.2062458992004395, 2.1980299949645996, 2.1809656620025635, 2.1583621501922607, 2.1089744567871094, 2.0710058212280273, 2.035698652267456, 2.0121045112609863, 2.002948045730591, 1.9840774536132812, 1.9621487855911255, 1.9544073343276978, 1.9434465169906616, 1.9192631244659424, 1.8917934894561768, 1.892228364944458, 1.9145734310150146, 1.899725317955017, 1.86379873752594, 1.879779577255249, 1.9104878902435303, 1.8925827741622925, 1.8779277801513672, 1.9019194841384888, 1.904783844947815, 1.9018840789794922, 1.8991882801055908, 1.884840726852417, 1.8941091299057007, 1.8865543603897095, 1.859998106956482, 1.849241018295288, 1.837949514389038, 1.8061504364013672, 1.7994904518127441, 1.812947392463684, 1.7953379154205322, 1.7941880226135254, 1.7881556749343872, 1.7878633737564087, 1.7815828323364258, 1.7369085550308228, 1.7315324544906616, 1.774259090423584, 1.785348653793335, 1.7604930400848389, 1.7342302799224854, 1.7617813348770142, 1.8117740154266357, 1.7983553409576416, 1.7413262128829956, 1.7136356830596924, 1.7225714921951294, 1.7496109008789062, 1.7276211977005005, 1.7064248323440552, 1.7287763357162476, 1.7428139448165894, 1.7157301902770996, 1.6906635761260986, 1.7062513828277588, 1.7347224950790405, 1.7145843505859375, 1.7113574743270874, 1.7305898666381836, 1.7028453350067139, 1.6851428747177124, 1.7025721073150635, 1.7121996879577637, 1.6717109680175781, 1.6789876222610474, 1.706159234046936, 1.7181130647659302, 1.6995879411697388, 1.661101222038269, 1.669500708580017, 1.7089580297470093, 1.6943793296813965, 1.6386137008666992, 1.635021448135376, 1.6748631000518799, 1.6959904432296753, 1.6657531261444092, 1.6449576616287231, 1.669523000717163, 1.6884162425994873, 1.674293875694275, 1.6463948488235474, 1.6434500217437744, 1.6433619260787964, 1.64885675907135, 1.6697945594787598, 1.6609617471694946, 1.649959921836853, 1.644222378730774, 1.647953987121582, 1.6635979413986206, 1.6627215147018433, 1.651228427886963, 1.662382960319519, 1.6448990106582642, 1.631362795829773, 1.634480595588684, 1.6469119787216187, 1.6540840864181519, 1.6665362119674683, 1.6471225023269653, 1.63588547706604, 1.64821457862854, 1.6488709449768066, 1.6419557332992554, 1.6556950807571411, 1.6532942056655884, 1.6156024932861328, 1.6018751859664917, 1.6150223016738892, 1.6409916877746582, 1.6421563625335693, 1.616000771522522, 1.6339548826217651, 1.6391041278839111, 1.6033289432525635, 1.5933558940887451, 1.6216235160827637, 1.6574995517730713, 1.6464357376098633, 1.6073991060256958, 1.605000615119934, 1.6229264736175537, 1.6053507328033447, 1.6004998683929443, 1.6283135414123535, 1.6556183099746704, 1.6389752626419067, 1.59596848487854, 1.5938928127288818, 1.6200871467590332, 1.621811032295227, 1.6055960655212402, 1.6104398965835571, 1.6507588624954224, 1.6500592231750488, 1.6044939756393433, 1.5743796825408936, 1.5827350616455078, 1.6080477237701416, 1.6202616691589355, 1.6072298288345337, 1.6205519437789917, 1.6472206115722656, 1.6332119703292847, 1.5931687355041504, 1.5789257287979126, 1.5862106084823608, 1.615065574645996, 1.6182950735092163, 1.6040890216827393, 1.619703769683838, 1.6356340646743774, 1.6228938102722168, 1.5878870487213135, 1.5746816396713257, 1.5845725536346436, 1.5998051166534424, 1.6134811639785767, 1.6015632152557373, 1.608031988143921, 1.6024882793426514, 1.5874308347702026, 1.5871797800064087, 1.6028995513916016, 1.594767689704895, 1.598850131034851, 1.6041464805603027, 1.5931084156036377, 1.574869990348816, 1.582207202911377, 1.6077550649642944, 1.611067533493042, 1.5855270624160767, 1.582667350769043, 1.6088088750839233, 1.598311424255371, 1.578691005706787, 1.5892252922058105, 1.6220319271087646, 1.6202281713485718, 1.5838996171951294, 1.5829436779022217, 1.6019951105117798, 1.6038647890090942, 1.59384286403656, 1.5871121883392334, 1.5840182304382324, 1.5869888067245483, 1.6064931154251099, 1.6019779443740845, 1.5707895755767822, 1.555293321609497, 1.5578076839447021, 1.5896925926208496, 1.6162220239639282, 1.615465521812439, 1.5924651622772217, 1.582694411277771, 1.5991994142532349, 1.6143138408660889, 1.5912529230117798, 1.5647672414779663, 1.5605621337890625, 1.5826308727264404, 1.6237012147903442, 1.6254217624664307, 1.6031262874603271, 1.5748411417007446, 1.576987624168396, 1.6014559268951416, 1.5998212099075317, 1.5763853788375854, 1.5752323865890503, 1.5913461446762085, 1.619718074798584, 1.6190869808197021, 1.58883798122406, 1.5660595893859863, 1.5720669031143188, 1.608113408088684, 1.6073968410491943, 1.5749239921569824, 1.5738874673843384, 1.6011956930160522, 1.5965633392333984, 1.566331148147583, 1.5662873983383179, 1.5872862339019775, 1.5763393640518188]

Validation loss : [6.149075031280518, 6.125431060791016, 6.103665351867676, 6.085860252380371, 6.070627689361572, 6.0508646965026855, 6.017715930938721, 5.973966598510742, 5.925454616546631, 5.872989654541016, 5.827338218688965, 5.791219234466553, 5.751631259918213, 5.708914279937744, 5.663312911987305, 5.6150054931640625, 5.564112663269043, 5.510708332061768, 5.444934368133545, 5.368439674377441, 5.290513515472412, 5.210967540740967, 5.129587173461914, 5.046133041381836, 4.954328536987305, 4.85401725769043, 4.7450079917907715, 4.627086162567139, 4.50001859664917, 4.355041980743408, 4.192627429962158, 4.0198140144348145, 3.846569538116455, 3.6723012924194336, 3.484182119369507, 3.2859935760498047, 3.08540678024292, 2.8726136684417725, 2.6691102981567383, 2.4685158729553223, 2.2850100994110107, 2.0974228382110596, 1.9095690250396729, 1.7452479600906372, 1.6370962858200073, 1.5600470304489136, 1.4987720251083374, 1.4499858617782593, 1.3955376148223877, 1.3796547651290894, 1.3793985843658447, 1.3700110912322998, 1.3461143970489502, 1.345461368560791, 1.3738912343978882, 1.3981013298034668, 1.4181967973709106, 1.4387661218643188, 1.4668327569961548, 1.4968606233596802, 1.5181708335876465, 1.5296871662139893, 1.5324960947036743, 1.5267761945724487, 1.5166517496109009, 1.502356767654419, 1.485717535018921, 1.471726655960083, 1.4466493129730225, 1.4199081659317017, 1.3937363624572754, 1.3747155666351318, 1.3631778955459595, 1.3471124172210693, 1.328733205795288, 1.3191882371902466, 1.3104007244110107, 1.3060901165008545, 1.2950955629348755, 1.291046380996704, 1.299898386001587, 1.2890045642852783, 1.2832517623901367, 1.2900390625, 1.3099385499954224, 1.305565357208252, 1.3011107444763184, 1.3037314414978027, 1.3066928386688232, 1.3118327856063843, 1.3079456090927124, 1.2911561727523804, 1.2954126596450806, 1.2950501441955566, 1.290769338607788, 1.2732548713684082, 1.2510545253753662, 1.2220708131790161, 1.2144989967346191, 1.2225122451782227, 1.2136919498443604, 1.2031506299972534, 1.202823281288147, 1.2073180675506592, 1.1977829933166504, 1.1674097776412964, 1.1638699769973755, 1.180678367614746, 1.1931235790252686, 1.191006064414978, 1.1766153573989868, 1.1857389211654663, 1.195677638053894, 1.1784180402755737, 1.1515579223632812, 1.1443384885787964, 1.1492801904678345, 1.1546894311904907, 1.137253761291504, 1.131515622138977, 1.149167776107788, 1.1567420959472656, 1.1413087844848633, 1.119568943977356, 1.1232119798660278, 1.138702392578125, 1.1312355995178223, 1.1299573183059692, 1.1469628810882568, 1.132832407951355, 1.108426570892334, 1.1042933464050293, 1.1154662370681763, 1.1103659868240356, 1.119620442390442, 1.126404881477356, 1.1229417324066162, 1.1109864711761475, 1.090703010559082, 1.0873156785964966, 1.1127139329910278, 1.1028467416763306, 1.0793594121932983, 1.0695521831512451, 1.0748817920684814, 1.0780017375946045, 1.0712289810180664, 1.0845880508422852, 1.1020499467849731, 1.1058156490325928, 1.0898752212524414, 1.0728224515914917, 1.060728907585144, 1.0572237968444824, 1.060571312904358, 1.0754327774047852, 1.082297682762146, 1.0774483680725098, 1.0683181285858154, 1.0643645524978638, 1.0677303075790405, 1.069616436958313, 1.0697897672653198, 1.075454592704773, 1.0632070302963257, 1.0487521886825562, 1.0469818115234375, 1.0585373640060425, 1.0761079788208008, 1.0890848636627197, 1.0763736963272095, 1.0660104751586914, 1.0633867979049683, 1.0594642162322998, 1.052836298942566, 1.0574781894683838, 1.0609759092330933, 1.0525357723236084, 1.0407214164733887, 1.0399872064590454, 1.0511897802352905, 1.0640822649002075, 1.0552096366882324, 1.0463522672653198, 1.045843482017517, 1.0389430522918701, 1.0384310483932495, 1.0418444871902466, 1.055397868156433, 1.0601481199264526, 1.0474928617477417, 1.036839485168457, 1.028975248336792, 1.0266023874282837, 1.0357246398925781, 1.0433411598205566, 1.0502442121505737, 1.0484825372695923, 1.0363878011703491, 1.0246888399124146, 1.0264418125152588, 1.0315492153167725, 1.0397958755493164, 1.0450552701950073, 1.053937315940857, 1.0511410236358643, 1.0379143953323364, 1.0276490449905396, 1.0182394981384277, 1.030492901802063, 1.041551113128662, 1.0410451889038086, 1.0478533506393433, 1.0555369853973389, 1.0526102781295776, 1.044897437095642, 1.0330277681350708, 1.0208431482315063, 1.0309182405471802, 1.0451111793518066, 1.0515294075012207, 1.058433175086975, 1.0554763078689575, 1.0401086807250977, 1.025688648223877, 1.019490361213684, 1.0230225324630737, 1.0325403213500977, 1.0406759977340698, 1.0382866859436035, 1.0397024154663086, 1.0309247970581055, 1.0261256694793701, 1.0293601751327515, 1.0346968173980713, 1.029918909072876, 1.034697413444519, 1.0302757024765015, 1.0213252305984497, 1.015841007232666, 1.0230002403259277, 1.0375292301177979, 1.0355478525161743, 1.0276058912277222, 1.0261638164520264, 1.0327941179275513, 1.0305428504943848, 1.0402852296829224, 1.0397305488586426, 1.0468592643737793, 1.0442006587982178, 1.0311552286148071, 1.0319422483444214, 1.033491849899292, 1.0334107875823975, 1.029932975769043, 1.0328890085220337, 1.0357955694198608, 1.0323861837387085, 1.0338184833526611, 1.0320916175842285, 1.0317487716674805, 1.0306087732315063, 1.0225836038589478, 1.026658058166504, 1.044966220855713, 1.050255298614502, 1.048691749572754, 1.0448839664459229, 1.040913701057434, 1.043399453163147, 1.029999017715454, 1.032792329788208, 1.0367625951766968, 1.0321059226989746, 1.0433106422424316, 1.0448429584503174, 1.0426265001296997, 1.0419222116470337, 1.0342636108398438, 1.0350762605667114, 1.0354151725769043, 1.0355029106140137, 1.0443925857543945, 1.0501782894134521, 1.059497356414795, 1.0538960695266724, 1.0412412881851196, 1.03538978099823, 1.033937692642212, 1.0435868501663208, 1.0436431169509888, 1.0341362953186035, 1.0320583581924438, 1.0356314182281494, 1.0357130765914917, 1.0288728475570679, 1.0282269716262817, 1.0306516885757446, 1.0319613218307495]

