Name : 2024.09.01.12.46.41
Type : mo_asy

Batch size : 1000
Epochs : 200
Validation split : 0.2
Feats : 12
Res list : ['er_0']

Test root_mean_squared_error : 17.781417846679688
Test loss : 11.106416702270508

Summary :

Model: "functional"
+--------------------------------------------------------------------------------------+
| Layer (type)                         | Output Shape                |         Param # |
|--------------------------------------+-----------------------------+-----------------|
| input_layer (InputLayer)             | (None, 12)                  |               0 |
|--------------------------------------+-----------------------------+-----------------|
| batch_normalization                  | (None, 12)                  |              48 |
| (BatchNormalization)                 |                             |                 |
|--------------------------------------+-----------------------------+-----------------|
| dense (Dense)                        | (None, 50)                  |             650 |
|--------------------------------------+-----------------------------+-----------------|
| dense_1 (Dense)                      | (None, 50)                  |           2,550 |
|--------------------------------------+-----------------------------+-----------------|
| dense_2 (Dense)                      | (None, 50)                  |           2,550 |
|--------------------------------------+-----------------------------+-----------------|
| er_0 (Dense)                         | (None, 1)                   |              51 |
+--------------------------------------------------------------------------------------+
 Total params: 17,501 (68.37 KB)
 Trainable params: 5,825 (22.75 KB)
 Non-trainable params: 24 (96.00 B)
 Optimizer params: 11,652 (45.52 KB)

root_mean_squared_error : [72.96349334716797, 72.89263916015625, 72.82108306884766, 72.74810791015625, 72.67334747314453, 72.59635162353516, 72.5165786743164, 72.43342590332031, 72.3463363647461, 72.25474548339844, 72.15811920166016, 72.05592346191406, 71.9476089477539, 71.83260345458984, 71.71033477783203, 71.5802001953125, 71.4415512084961, 71.29375457763672, 71.13614654541016, 70.96805572509766, 70.7887954711914, 70.5976791381836, 70.39402770996094, 70.1771240234375, 69.94627380371094, 69.70079803466797, 69.44000244140625, 69.1632308959961, 68.8698501586914, 68.55924987792969, 68.23090362548828, 67.88435363769531, 67.51921844482422, 67.13523864746094, 66.7322769165039, 66.31035614013672, 65.86963653564453, 65.41049194335938, 64.93348693847656, 64.43939971923828, 63.92925262451172, 63.404296875, 62.86603927612305, 62.316226959228516, 61.75688171386719, 61.19025802612305, 60.61886215209961, 60.04542541503906, 59.47288513183594, 58.90436935424805, 58.34476089477539, 57.801761627197266, 57.27699279785156, 56.772239685058594, 56.28943634033203, 55.830631256103516, 55.39793395996094, 54.99351501464844, 54.619544982910156, 54.27816390991211, 53.97145080566406, 53.701416015625, 53.47261428833008, 53.285701751708984, 53.13957595825195, 53.034183502197266, 52.967681884765625, 52.937068939208984, 52.9398307800293, 52.971927642822266, 53.03063201904297, 53.1116828918457, 53.2088508605957, 53.31489944458008, 53.41531753540039, 53.50663757324219, 53.57992935180664, 53.626495361328125, 53.64578628540039, 53.638179779052734, 53.604713439941406, 53.54689025878906, 53.46650314331055, 53.36549377441406, 53.245872497558594, 53.109619140625, 52.958656311035156, 52.7947883605957, 52.619712829589844, 52.4349365234375, 52.24187088012695, 52.041744232177734, 51.84205627441406, 51.642574310302734, 51.44303512573242, 51.243167877197266, 51.04790496826172, 50.8627815246582, 50.685543060302734, 50.51425552368164, 50.347267150878906, 50.183128356933594, 50.020565032958984, 49.858421325683594, 49.69563674926758, 49.531219482421875, 49.36422348022461, 49.19374465942383, 49.01890182495117, 48.83884811401367, 48.65273666381836, 48.459774017333984, 48.273948669433594, 48.094058990478516, 47.910865783691406, 47.72373580932617, 47.532047271728516, 47.32929611206055, 47.115142822265625, 46.889259338378906, 46.65134811401367, 46.401119232177734, 46.13127517700195, 45.84241485595703, 45.53523635864258, 45.210506439208984, 44.8670539855957, 44.50605773925781, 44.128665924072266, 43.735904693603516, 43.33409118652344, 42.922061920166016, 42.49853515625, 42.06217575073242, 41.61173629760742, 41.146209716796875, 40.66496658325195, 40.1678466796875, 39.65509796142578, 39.127201080322266, 38.584510803222656, 38.02680587768555, 37.45277404785156, 36.8596076965332, 36.242706298828125, 35.595787048339844, 34.9114875793457, 34.18272399902344, 33.40468978881836, 32.57704544067383, 31.705114364624023, 30.7996768951416, 29.87606430053711, 28.956546783447266, 28.06355857849121, 27.21124267578125, 26.408811569213867, 25.66023063659668, 24.967788696289062, 24.33460235595703, 23.764007568359375, 23.266210556030273, 22.84817886352539, 22.50214958190918, 22.21156883239746, 21.96021270751953, 21.742633819580078, 21.546873092651367, 21.36471176147461, 21.19252586364746, 21.03061294555664, 20.88170623779297, 20.749818801879883, 20.63941192626953, 20.554813385009766, 20.49885368347168, 20.469757080078125, 20.465816497802734, 20.49002456665039, 20.5416259765625, 20.58391571044922, 20.615922927856445, 20.621837615966797, 20.60481071472168, 20.55078125, 20.463912963867188, 20.366504669189453, 20.260112762451172, 20.176097869873047, 20.127099990844727, 20.10062026977539, 20.061241149902344, 20.010147094726562, 19.979642868041992, 19.953035354614258, 19.930355072021484, 19.918041229248047, 19.93404769897461, 19.977441787719727, 19.991376876831055]

Loss : [70.15673828125, 70.08344268798828, 70.00923156738281, 69.93355560302734, 69.85588836669922, 69.77561950683594, 69.69212341308594, 69.6047592163086, 69.51288604736328, 69.4158706665039, 69.3131103515625, 69.2039794921875, 69.08783721923828, 68.96405029296875, 68.83192443847656, 68.69074249267578, 68.53974151611328, 68.37813568115234, 68.20507049560547, 68.0196762084961, 67.82100677490234, 67.60811614990234, 67.3800048828125, 67.13562774658203, 66.8739013671875, 66.59373474121094, 66.29393768310547, 65.97335052490234, 65.63072967529297, 65.2648696899414, 64.87452697753906, 64.45844268798828, 64.01544189453125, 63.54431915283203, 63.0439567565918, 62.5132942199707, 61.95133972167969, 61.357242584228516, 60.73023223876953, 60.06969451904297, 59.375179290771484, 58.64638900756836, 57.8831787109375, 57.085636138916016, 56.25398254394531, 55.3886833190918, 54.4903564453125, 53.559814453125, 52.59804916381836, 51.65068817138672, 50.751529693603516, 49.950531005859375, 49.13578414916992, 48.307464599609375, 47.4658317565918, 46.61124038696289, 45.744110107421875, 44.86491012573242, 43.97414016723633, 43.072357177734375, 42.16010665893555, 41.25246810913086, 40.4134521484375, 39.634578704833984, 38.89803695678711, 38.237144470214844, 37.737422943115234, 37.2452278137207, 36.81140899658203, 36.41072082519531, 36.026885986328125, 35.7386589050293, 35.49638366699219, 35.424800872802734, 35.3740119934082, 35.35672378540039, 35.35041809082031, 35.3455810546875, 35.320472717285156, 35.27756881713867, 35.21906280517578, 35.146881103515625, 35.062747955322266, 34.96818542480469, 34.86452102661133, 34.75292205810547, 34.63440704345703, 34.509830474853516, 34.37992858886719, 34.245304107666016, 34.106441497802734, 33.9666748046875, 33.8471794128418, 33.727603912353516, 33.60771942138672, 33.4991455078125, 33.426475524902344, 33.35163879394531, 33.27125549316406, 33.18527603149414, 33.093727111816406, 32.996620178222656, 32.893985748291016, 32.78581619262695, 32.672088623046875, 32.55268859863281, 32.427490234375, 32.29627990722656, 32.15878677368164, 32.01467514038086, 31.86353874206543, 31.717557907104492, 31.581884384155273, 31.452299118041992, 31.320627212524414, 31.182720184326172, 31.052963256835938, 30.919681549072266, 30.780550003051758, 30.635385513305664, 30.483989715576172, 30.32756996154785, 30.1705265045166, 30.004501342773438, 29.829679489135742, 29.652639389038086, 29.467317581176758, 29.271808624267578, 29.0667781829834, 28.862422943115234, 28.652395248413086, 28.436002731323242, 28.212987899780273, 27.98301887512207, 27.74577522277832, 27.500953674316406, 27.248327255249023, 26.987754821777344, 26.719202041625977, 26.442651748657227, 26.158029556274414, 25.865041732788086, 25.563024520874023, 25.250808715820312, 24.926620483398438, 24.588083267211914, 24.232402801513672, 23.856735229492188, 23.458778381347656, 23.037437438964844, 22.593250274658203, 22.12842559814453, 21.654869079589844, 21.180749893188477, 20.710987091064453, 20.253719329833984, 19.80110740661621, 19.35413360595703, 18.913084030151367, 18.478649139404297, 18.05477523803711, 17.691829681396484, 17.356075286865234, 17.073884963989258, 16.815649032592773, 16.569400787353516, 16.403854370117188, 16.28229331970215, 16.139236450195312, 15.97506046295166, 15.793047904968262, 15.596264839172363, 15.387539863586426, 15.16943645477295, 15.016369819641113, 14.876243591308594, 14.742195129394531, 14.634869575500488, 14.601585388183594, 14.558300971984863, 14.499321937561035, 14.458534240722656, 14.413334846496582, 14.342081069946289, 14.284998893737793, 14.2304048538208, 14.172466278076172, 14.115523338317871, 14.064943313598633, 14.046449661254883, 14.023578643798828, 13.97733211517334, 13.91898250579834, 13.881503105163574, 13.841902732849121, 13.81357479095459, 13.788858413696289, 13.754322052001953, 13.745075225830078, 13.741002082824707]

Validation root_mean_squared_error : [76.1684341430664, 76.16667938232422, 76.16732788085938, 76.1693115234375, 76.17195892333984, 76.1747817993164, 76.17743682861328, 76.1796646118164, 76.18132019042969, 76.18229675292969, 76.18255615234375, 76.18211364746094, 76.18096923828125, 76.1791763305664, 76.17681121826172, 76.17393493652344, 76.17068481445312, 76.16715240478516, 76.16346740722656, 76.1597671508789, 76.15621185302734, 76.1529541015625, 76.15026092529297, 76.14836120605469, 76.14759063720703, 76.1483154296875, 76.15096282958984, 76.15599060058594, 76.16389465332031, 76.1751937866211, 76.19048309326172, 76.21034240722656, 76.23540496826172, 76.2663345336914, 76.30381774902344, 76.34857940673828, 76.4013671875, 76.46296691894531, 76.53419494628906, 76.61589813232422, 76.70894622802734, 76.81424713134766, 76.93270874023438, 77.06526947021484, 77.21286010742188, 77.37642669677734, 77.55687713623047, 77.75513458251953, 77.97210693359375, 78.20643615722656, 78.45481872558594, 78.71833801269531, 78.99795532226562, 79.29467010498047, 79.6093978881836, 79.94304656982422, 80.29646301269531, 80.67044067382812, 81.06573486328125, 81.48303985595703, 81.92298126220703, 82.37622833251953, 82.84420013427734, 83.32440185546875, 83.8115463256836, 84.29454040527344, 84.77470397949219, 85.25342559814453, 85.7254638671875, 86.19219970703125, 86.64607238769531, 87.07804107666016, 87.47932434082031, 87.83990478515625, 88.16062927246094, 88.43326568603516, 88.64834594726562, 88.80888366699219, 88.91827392578125, 88.98008728027344, 88.9979476928711, 88.97541046142578, 88.9158935546875, 88.82268524169922, 88.6988525390625, 88.54727172851562, 88.3705825805664, 88.17123413085938, 87.95143127441406, 87.71316528320312, 87.45825958251953, 87.19866180419922, 86.9343490600586, 86.66526794433594, 86.39130401611328, 86.1212387084961, 85.85932922363281, 85.6036376953125, 85.35247802734375, 85.10433959960938, 84.85787963867188, 84.61184692382812, 84.36505889892578, 84.11637115478516, 83.86467742919922, 83.60885620117188, 83.34779357910156, 83.0803451538086, 82.8053207397461, 82.52153015136719, 82.22771453857422, 81.94432067871094, 81.66973876953125, 81.39431762695312, 81.11692810058594, 80.83638763427734, 80.54174041748047, 80.23235321044922, 79.90747833251953, 79.56629943847656, 79.20787048339844, 78.81996154785156, 78.40262603759766, 77.95587921142578, 77.47958374023438, 76.96428680419922, 76.41093444824219, 75.82032012939453, 75.1928939819336, 74.53919982910156, 73.85724639892578, 73.14474487304688, 72.399169921875, 71.61775970458984, 70.79753112792969, 69.93540954589844, 69.02809143066406, 68.0719985961914, 67.06295013427734, 65.99590301513672, 64.86477661132812, 63.66255569458008, 62.38174819946289, 61.014678955078125, 59.55352020263672, 57.990291595458984, 56.317665100097656, 54.53046798706055, 52.62739181518555, 50.611915588378906, 48.49282455444336, 46.284828186035156, 44.0029182434082, 41.67815017700195, 39.356449127197266, 37.06487274169922, 34.82977294921875, 32.677242279052734, 30.633150100708008, 28.721412658691406, 26.96516990661621, 25.39569664001465, 24.022602081298828, 22.863693237304688, 21.892911911010742, 21.09625816345215, 20.460708618164062, 19.958831787109375, 19.556438446044922, 19.230199813842773, 18.965625762939453, 18.754901885986328, 18.594921112060547, 18.485639572143555, 18.411602020263672, 18.370960235595703, 18.361902236938477, 18.396955490112305, 18.478092193603516, 18.54213523864746, 18.586612701416016, 18.587120056152344, 18.54859733581543, 18.450729370117188, 18.29788589477539, 18.124950408935547, 17.93296241760254, 17.77751350402832, 17.68836784362793, 17.656917572021484, 17.61703872680664, 17.568735122680664, 17.577314376831055, 17.60519027709961, 17.65085792541504, 17.716337203979492, 17.831560134887695, 17.992305755615234, 18.093521118164062, 18.106996536254883]

Validation loss : [74.8709487915039, 74.88114929199219, 74.89353942871094, 74.90702056884766, 74.92091369628906, 74.93474578857422, 74.94818115234375, 74.96099090576172, 74.97301483154297, 74.98416900634766, 74.99437713623047, 75.00360107421875, 75.01181030273438, 75.01899719238281, 75.02510833740234, 75.03014373779297, 75.03408813476562, 75.036865234375, 75.03841400146484, 75.03863525390625, 75.03742980957031, 75.03466796875, 75.03020477294922, 75.02391815185547, 75.01568603515625, 75.00537109375, 74.99282836914062, 74.9778823852539, 74.96034240722656, 74.9399642944336, 74.91651916503906, 74.88967895507812, 74.8591537475586, 74.82457733154297, 74.78556823730469, 74.74171447753906, 74.69263458251953, 74.63789367675781, 74.57711029052734, 74.50987243652344, 74.43585205078125, 74.35469818115234, 74.26612091064453, 74.16988372802734, 74.06575775146484, 73.95360565185547, 73.83329010009766, 73.70476531982422, 73.5680160522461, 73.42243957519531, 73.26869201660156, 73.10707092285156, 72.93785858154297, 72.7613296508789, 72.57772064208984, 72.38727569580078, 72.19023132324219, 71.98682403564453, 71.77729797363281, 71.56187438964844, 71.3408203125, 71.10919952392578, 70.86779022216797, 70.61937713623047, 70.36402130126953, 70.1047592163086, 69.84173583984375, 69.57510375976562, 69.32551574707031, 69.13863372802734, 68.94905090332031, 68.8109359741211, 68.78441619873047, 68.80606079101562, 68.82020568847656, 68.82737731933594, 68.82547760009766, 68.81434631347656, 68.79412078857422, 68.76509094238281, 68.72759246826172, 68.6820297241211, 68.62874603271484, 68.5680923461914, 68.50039672851562, 68.42591857910156, 68.34490966796875, 68.2575454711914, 68.16400909423828, 68.06439208984375, 67.95877838134766, 67.84808349609375, 67.7320785522461, 67.61054229736328, 67.48322296142578, 67.34870910644531, 67.20101928710938, 67.04061889648438, 66.86786651611328, 66.68302917480469, 66.48628234863281, 66.27772521972656, 66.05733489990234, 65.82501983642578, 65.58058166503906, 65.3237075805664, 65.05403137207031, 64.77104949951172, 64.47419738769531, 64.16278839111328, 63.83602523803711, 63.49937057495117, 63.15262985229492, 62.79969787597656, 62.439632415771484, 62.07147979736328, 61.69676971435547, 61.314239501953125, 60.922576904296875, 60.520408630371094, 60.10631561279297, 59.67953109741211, 59.238739013671875, 58.78264236450195, 58.309906005859375, 57.82056427001953, 57.31372833251953, 56.79096603393555, 56.258480072021484, 55.70253372192383, 55.121639251708984, 54.51417541503906, 53.878414154052734, 53.2125129699707, 52.51462936401367, 51.78290557861328, 51.015506744384766, 50.21059799194336, 49.370208740234375, 48.49843215942383, 47.582393646240234, 46.618988037109375, 45.60487747192383, 44.536598205566406, 43.41057205200195, 42.223175048828125, 40.971107482910156, 39.65229034423828, 38.26659393310547, 36.816383361816406, 35.30657196044922, 33.74481964111328, 32.1494140625, 30.53396987915039, 28.912349700927734, 27.31572723388672, 25.782812118530273, 24.280418395996094, 22.872173309326172, 21.51490020751953, 20.220277786254883, 19.048076629638672, 17.964441299438477, 17.03441619873047, 16.189550399780273, 15.425357818603516, 14.75877857208252, 14.206413269042969, 13.745709419250488, 13.363822937011719, 13.059574127197266, 12.846514701843262, 12.690215110778809, 12.65672492980957, 12.63436222076416, 12.617142677307129, 12.606534957885742, 12.63437271118164, 12.665361404418945, 12.666293144226074, 12.622099876403809, 12.545680046081543, 12.40517807006836, 12.213093757629395, 11.972553253173828, 11.723729133605957, 11.51615047454834, 11.343255043029785, 11.197432518005371, 11.094169616699219, 11.003135681152344, 10.923425674438477, 10.900140762329102, 10.912080764770508, 10.959443092346191, 11.024004936218262, 11.11860179901123, 11.248970031738281, 11.348101615905762, 11.39864444732666]

