Name : 2024.09.01.12.37.09
Type : mo_asy

Batch size : 1000
Epochs : 250
Validation split : 0.2
Feats : 12
Res list : ['att_res']

Test root_mean_squared_error : 4.206775188446045
Test loss : 3.373769521713257

Summary :

Model: "functional"
+--------------------------------------------------------------------------------------+
| Layer (type)                         | Output Shape                |         Param # |
|--------------------------------------+-----------------------------+-----------------|
| input_layer (InputLayer)             | (None, 12)                  |               0 |
|--------------------------------------+-----------------------------+-----------------|
| batch_normalization                  | (None, 12)                  |              48 |
| (BatchNormalization)                 |                             |                 |
|--------------------------------------+-----------------------------+-----------------|
| dense (Dense)                        | (None, 50)                  |             650 |
|--------------------------------------+-----------------------------+-----------------|
| dense_1 (Dense)                      | (None, 50)                  |           2,550 |
|--------------------------------------+-----------------------------+-----------------|
| dense_2 (Dense)                      | (None, 50)                  |           2,550 |
|--------------------------------------+-----------------------------+-----------------|
| att_res (Dense)                      | (None, 1)                   |              51 |
+--------------------------------------------------------------------------------------+
 Total params: 17,501 (68.37 KB)
 Trainable params: 5,825 (22.75 KB)
 Non-trainable params: 24 (96.00 B)
 Optimizer params: 11,652 (45.52 KB)

root_mean_squared_error : [19.427371978759766, 19.364704132080078, 19.301544189453125, 19.237810134887695, 19.17290687561035, 19.106428146362305, 19.038066864013672, 18.967527389526367, 18.89453125, 18.818809509277344, 18.74009895324707, 18.658153533935547, 18.572744369506836, 18.483675003051758, 18.39080238342285, 18.294029235839844, 18.193330764770508, 18.088754653930664, 17.980419158935547, 17.8685245513916, 17.753379821777344, 17.63543701171875, 17.515302658081055, 17.39377784729004, 17.271883010864258, 17.150880813598633, 17.0282039642334, 16.906112670898438, 16.78087043762207, 16.656299591064453, 16.536304473876953, 16.42388153076172, 16.322004318237305, 16.23162269592285, 16.155668258666992, 16.09524154663086, 16.051795959472656, 16.02688217163086, 16.022293090820312, 16.03920555114746, 16.072172164916992, 16.116743087768555, 16.169776916503906, 16.205129623413086, 16.209924697875977, 16.183238983154297, 16.125722885131836, 16.039199829101562, 15.932550430297852, 15.807273864746094, 15.665199279785156, 15.508350372314453, 15.338831901550293, 15.158760070800781, 14.970207214355469, 14.783337593078613, 14.59813117980957, 14.421499252319336, 14.252445220947266, 14.090313911437988, 13.93461799621582, 13.784956932067871, 13.640941619873047, 13.50576400756836, 13.377694129943848, 13.255227088928223, 13.137053489685059, 13.02532958984375, 12.918203353881836, 12.814790725708008, 12.703302383422852, 12.579991340637207, 12.438542366027832, 12.274658203125, 12.100785255432129, 11.91689682006836, 11.723292350769043, 11.520529747009277, 11.309382438659668, 11.093389511108398, 10.87848949432373, 10.660057067871094, 10.437043190002441, 10.22055435180664, 10.010144233703613, 9.8057222366333, 9.602337837219238, 9.399782180786133, 9.197964668273926, 8.996872901916504, 8.794435501098633, 8.59764575958252, 8.406388282775879, 8.221064567565918, 8.042444229125977, 7.877516746520996, 7.725919246673584, 7.587836742401123, 7.442640781402588, 7.297287940979004, 7.150432109832764, 7.003617763519287, 6.8578104972839355, 6.701290607452393, 6.538586616516113, 6.367800235748291, 6.194911003112793, 6.020813465118408, 5.847984790802002, 5.678008079528809, 5.512839317321777, 5.358434677124023, 5.220090389251709, 5.09575891494751, 4.985813617706299, 4.879979610443115, 4.748345851898193, 4.594480991363525, 4.427932262420654, 4.257943153381348, 4.093600273132324, 3.943336009979248, 3.8160929679870605, 3.7099647521972656, 3.6146161556243896, 3.5233356952667236, 3.446586847305298, 3.382490634918213, 3.321953773498535, 3.263402223587036, 3.2161149978637695, 3.189572334289551, 3.187701940536499, 3.1869285106658936, 3.181145429611206, 3.1735455989837646, 3.180868625640869, 3.185046911239624, 3.1830475330352783, 3.1620352268218994, 3.1235597133636475, 3.0759451389312744, 3.038222551345825, 3.020677328109741, 3.0189175605773926, 3.0225532054901123, 3.0158486366271973, 3.0042214393615723, 3.0012898445129395, 3.0056307315826416, 2.995579719543457, 2.9770679473876953, 2.950474977493286, 2.9208428859710693, 2.8957104682922363, 2.880218982696533, 2.8696987628936768, 2.8706202507019043, 2.877429485321045, 2.8629953861236572, 2.837240219116211, 2.823498249053955, 2.8160831928253174, 2.814601421356201, 2.8090803623199463, 2.8006668090820312, 2.7913267612457275, 2.780402183532715, 2.7721645832061768, 2.761284351348877, 2.752466917037964, 2.742992639541626, 2.736168146133423, 2.7296292781829834, 2.7239959239959717, 2.722135543823242, 2.722991943359375, 2.714353084564209, 2.7030866146087646, 2.69620943069458, 2.699784755706787, 2.698817253112793, 2.690876007080078, 2.6892597675323486, 2.694675922393799, 2.6956231594085693, 2.6888954639434814, 2.689427614212036, 2.691544532775879, 2.687720775604248, 2.680677890777588, 2.6777920722961426, 2.676589012145996, 2.683053970336914, 2.6752214431762695, 2.6726977825164795, 2.6734976768493652, 2.656741142272949, 2.639646530151367, 2.628087043762207, 2.6142282485961914, 2.6122403144836426, 2.602774143218994, 2.590740919113159, 2.5954749584198, 2.6010026931762695, 2.5967180728912354, 2.5920298099517822, 2.585271120071411, 2.5796217918395996, 2.578972578048706, 2.5763535499572754, 2.5678555965423584, 2.565520763397217, 2.567065477371216, 2.5684947967529297, 2.5614774227142334, 2.554749011993408, 2.549872398376465, 2.554616928100586, 2.5509393215179443, 2.5326082706451416, 2.529757261276245, 2.5260426998138428, 2.5276670455932617, 2.529669761657715, 2.5288922786712646, 2.526843309402466, 2.5209858417510986, 2.5101048946380615, 2.4929370880126953, 2.481430768966675, 2.4762983322143555, 2.4862046241760254, 2.4744393825531006, 2.465337038040161, 2.464829444885254, 2.4765846729278564, 2.4655423164367676, 2.4539570808410645, 2.45375919342041, 2.454920768737793, 2.453418254852295, 2.441877603530884, 2.4337759017944336, 2.4347245693206787, 2.4348556995391846, 2.41818904876709, 2.4148592948913574, 2.4148342609405518]

Loss : [17.525897979736328, 17.461992263793945, 17.396753311157227, 17.329513549804688, 17.259775161743164, 17.187088012695312, 17.110937118530273, 17.030750274658203, 16.94589614868164, 16.855709075927734, 16.7595157623291, 16.656631469726562, 16.546384811401367, 16.428070068359375, 16.300968170166016, 16.1643123626709, 16.017311096191406, 15.859140396118164, 15.688948631286621, 15.505843162536621, 15.308911323547363, 15.097206115722656, 14.869746208190918, 14.625533103942871, 14.363546371459961, 14.09696102142334, 13.82077693939209, 13.538057327270508, 13.246315002441406, 12.954200744628906, 12.663291931152344, 12.384499549865723, 12.111865997314453, 11.838406562805176, 11.608382225036621, 11.398472785949707, 11.181530952453613, 10.967928886413574, 10.765225410461426, 10.591897964477539, 10.467682838439941, 10.375765800476074, 10.328341484069824, 10.308889389038086, 10.294124603271484, 10.25911808013916, 10.206337928771973, 10.146221160888672, 10.080167770385742, 10.005670547485352, 9.923649787902832, 9.834940910339355, 9.7402925491333, 9.640372276306152, 9.556756973266602, 9.4713773727417, 9.380877494812012, 9.295881271362305, 9.206595420837402, 9.1140775680542, 9.019131660461426, 8.922370910644531, 8.828567504882812, 8.737876892089844, 8.644299507141113, 8.547785758972168, 8.463263511657715, 8.372840881347656, 8.269911766052246, 8.158300399780273, 8.043885231018066, 7.931309700012207, 7.825225830078125, 7.716909408569336, 7.607292652130127, 7.490728855133057, 7.367497444152832, 7.2378411293029785, 7.107975959777832, 6.98350191116333, 6.861823558807373, 6.735784530639648, 6.609238624572754, 6.485924243927002, 6.355947971343994, 6.225633144378662, 6.092595100402832, 5.954662322998047, 5.811881065368652, 5.66944694519043, 5.534940242767334, 5.40946626663208, 5.276686191558838, 5.137277603149414, 4.995442867279053, 4.857414722442627, 4.713578701019287, 4.581437587738037, 4.4712605476379395, 4.394633769989014, 4.3169684410095215, 4.233742713928223, 4.164333343505859, 4.11573600769043, 4.074672222137451, 4.014971733093262, 3.9512999057769775, 3.8722550868988037, 3.7817258834838867, 3.6856865882873535, 3.587975025177002, 3.516406297683716, 3.443906307220459, 3.361454725265503, 3.27311372756958, 3.1994357109069824, 3.1356494426727295, 3.0586745738983154, 2.9963347911834717, 2.9205799102783203, 2.8408329486846924, 2.7787981033325195, 2.731032609939575, 2.7001442909240723, 2.643735408782959, 2.5719096660614014, 2.508211374282837, 2.4681553840637207, 2.417600631713867, 2.3511099815368652, 2.2904186248779297, 2.25101900100708, 2.2464444637298584, 2.226945400238037, 2.185870885848999, 2.1295289993286133, 2.103541612625122, 2.0912399291992188, 2.081122636795044, 2.067464590072632, 2.029893398284912, 1.9881742000579834, 1.9575116634368896, 1.9367690086364746, 1.9360193014144897, 1.9471919536590576, 1.9377437829971313, 1.9058459997177124, 1.9004062414169312, 1.9064204692840576, 1.9005733728408813, 1.8989137411117554, 1.8799635171890259, 1.851348876953125, 1.8500503301620483, 1.8488576412200928, 1.8424756526947021, 1.8230024576187134, 1.8233088254928589, 1.8073298931121826, 1.791644811630249, 1.7911667823791504, 1.7759466171264648, 1.7717918157577515, 1.7706416845321655, 1.769808292388916, 1.7671635150909424, 1.7599581480026245, 1.7641152143478394, 1.7492882013320923, 1.7473399639129639, 1.736493706703186, 1.7319279909133911, 1.7352488040924072, 1.7271705865859985, 1.7222607135772705, 1.7206424474716187, 1.7135742902755737, 1.7042195796966553, 1.7052627801895142, 1.7036269903182983, 1.6927944421768188, 1.6933681964874268, 1.685502290725708, 1.6860016584396362, 1.6773316860198975, 1.6759886741638184, 1.6660610437393188, 1.673060417175293, 1.662183403968811, 1.6553502082824707, 1.659687876701355, 1.6535600423812866, 1.6471173763275146, 1.639468789100647, 1.6604626178741455, 1.6740260124206543, 1.630240559577942, 1.656558632850647, 1.6670396327972412, 1.6278804540634155, 1.636436104774475, 1.638555884361267, 1.6182085275650024, 1.6155121326446533, 1.6075007915496826, 1.604012370109558, 1.5976381301879883, 1.6006550788879395, 1.5878379344940186, 1.590039849281311, 1.5887917280197144, 1.5830163955688477, 1.5844849348068237, 1.5685582160949707, 1.5715396404266357, 1.5744596719741821, 1.5697965621948242, 1.5553693771362305, 1.557491421699524, 1.5542930364608765, 1.5508805513381958, 1.5743436813354492, 1.552034616470337, 1.5521636009216309, 1.5528247356414795, 1.5391173362731934, 1.5461348295211792, 1.5310907363891602, 1.5139755010604858, 1.5285452604293823, 1.5266427993774414, 1.508950114250183, 1.5163044929504395, 1.4961353540420532, 1.5252822637557983, 1.4958593845367432, 1.5048633813858032, 1.4889308214187622, 1.4963184595108032, 1.5013552904129028, 1.481632947921753, 1.481899380683899, 1.4749997854232788, 1.4677554368972778, 1.4713634252548218, 1.4825663566589355, 1.4669709205627441, 1.4700568914413452, 1.4512673616409302]

Validation root_mean_squared_error : [18.25541877746582, 18.27280616760254, 18.292173385620117, 18.31363868713379, 18.33742332458496, 18.363832473754883, 18.39320945739746, 18.4259033203125, 18.462297439575195, 18.502750396728516, 18.547616958618164, 18.597274780273438, 18.652137756347656, 18.712690353393555, 18.77948570251465, 18.8531494140625, 18.934371948242188, 19.02390480041504, 19.1225528717041, 19.231191635131836, 19.350770950317383, 19.482328414916992, 19.626983642578125, 19.785947799682617, 19.960506439208984, 20.149520874023438, 20.354671478271484, 20.572275161743164, 20.804779052734375, 21.052576065063477, 21.317785263061523, 21.600736618041992, 21.89669418334961, 22.20775032043457, 22.523168563842773, 22.84457778930664, 23.173580169677734, 23.51154899597168, 23.859481811523438, 24.197458267211914, 24.51548194885254, 24.81341552734375, 25.047456741333008, 25.203201293945312, 25.286989212036133, 25.305049896240234, 25.263525009155273, 25.175094604492188, 25.04401969909668, 24.8743896484375, 24.670085906982422, 24.434717178344727, 24.171621322631836, 23.883846282958984, 23.584260940551758, 23.274282455444336, 22.96999740600586, 22.67095184326172, 22.376829147338867, 22.087387084960938, 21.802413940429688, 21.521692276000977, 21.260028839111328, 21.015039443969727, 20.784570693969727, 20.566669464111328, 20.38303565979004, 20.228931427001953, 20.100570678710938, 19.97663688659668, 19.838895797729492, 19.669580459594727, 19.444625854492188, 19.185556411743164, 18.893985748291016, 18.571657180786133, 18.22039794921875, 17.84209632873535, 17.453125, 17.080965042114258, 16.70752716064453, 16.320608139038086, 15.946919441223145, 15.585241317749023, 15.234521865844727, 14.874929428100586, 14.507070541381836, 14.131597518920898, 13.749166488647461, 13.349023818969727, 12.942185401916504, 12.531211853027344, 12.118587493896484, 11.706766128540039, 11.317948341369629, 10.951305389404297, 10.60641860961914, 10.246851921081543, 9.898062705993652, 9.55695915222168, 9.214797019958496, 8.873117446899414, 8.517708778381348, 8.186494827270508, 7.870808124542236, 7.573740005493164, 7.293164253234863, 7.02943754196167, 6.772634029388428, 6.525184154510498, 6.2889275550842285, 6.093242168426514, 5.945729732513428, 5.834373474121094, 5.736685752868652, 5.578187942504883, 5.366376876831055, 5.107054710388184, 4.837257385253906, 4.589913368225098, 4.400692462921143, 4.250065803527832, 4.123899459838867, 3.9928786754608154, 3.8635637760162354, 3.7507848739624023, 3.656766176223755, 3.587053060531616, 3.5441713333129883, 3.5367331504821777, 3.5228798389434814, 3.5214717388153076, 3.556452989578247, 3.6129801273345947, 3.6892967224121094, 3.789036750793457, 3.8149335384368896, 3.7903940677642822, 3.7586352825164795, 3.7067251205444336, 3.6627426147460938, 3.640284538269043, 3.6043930053710938, 3.5561821460723877, 3.5296804904937744, 3.5331015586853027, 3.5661189556121826, 3.6117465496063232, 3.6279265880584717, 3.620715856552124, 3.6193394660949707, 3.5997183322906494, 3.583566188812256, 3.590308427810669, 3.6057605743408203, 3.6104369163513184, 3.60432505607605, 3.6034581661224365, 3.6140124797821045, 3.63996958732605, 3.6330392360687256, 3.62103009223938, 3.6322989463806152, 3.645688533782959, 3.6540496349334717, 3.6418397426605225, 3.62259578704834, 3.608942985534668, 3.6152260303497314, 3.6209299564361572, 3.618342876434326, 3.6314351558685303, 3.6242525577545166, 3.6230854988098145, 3.640119791030884, 3.664367198944092, 3.6612508296966553, 3.6412484645843506, 3.6188981533050537, 3.6516096591949463, 3.665931224822998, 3.6437759399414062, 3.6441476345062256, 3.669851541519165, 3.6793601512908936, 3.667351245880127, 3.676630735397339, 3.6763908863067627, 3.6775107383728027, 3.6807518005371094, 3.679716110229492, 3.6619153022766113, 3.685518264770508, 3.688711404800415, 3.7307772636413574, 3.7536983489990234, 3.7166013717651367, 3.652226209640503, 3.637307643890381, 3.6717565059661865, 3.742544412612915, 3.752044439315796, 3.723661422729492, 3.6950066089630127, 3.685120105743408, 3.7030155658721924, 3.723067045211792, 3.726663827896118, 3.713527202606201, 3.6986420154571533, 3.690011501312256, 3.676551580429077, 3.689060688018799, 3.7242071628570557, 3.7329399585723877, 3.7019174098968506, 3.6789612770080566, 3.689934253692627, 3.7192540168762207, 3.714193820953369, 3.6665101051330566, 3.641693115234375, 3.659463405609131, 3.7120437622070312, 3.7446024417877197, 3.7324275970458984, 3.718926191329956, 3.722039222717285, 3.7358572483062744, 3.7391297817230225, 3.7206482887268066, 3.695263147354126, 3.679932117462158, 3.6844019889831543, 3.709590435028076, 3.710798740386963, 3.697739839553833, 3.6992390155792236, 3.723078727722168, 3.7364063262939453, 3.728870391845703, 3.729498863220215, 3.7216715812683105, 3.7031400203704834, 3.686206340789795, 3.675708055496216, 3.6760852336883545, 3.688542604446411, 3.7123308181762695, 3.7319087982177734]

Validation loss : [16.65934181213379, 16.667579650878906, 16.675235748291016, 16.68267250061035, 16.690088272094727, 16.697568893432617, 16.705110549926758, 16.712642669677734, 16.720029830932617, 16.72710609436035, 16.733692169189453, 16.739601135253906, 16.744647979736328, 16.7486515045166, 16.751419067382812, 16.75275230407715, 16.75244140625, 16.750267028808594, 16.746007919311523, 16.739425659179688, 16.73027801513672, 16.718305587768555, 16.703250885009766, 16.68824005126953, 16.726177215576172, 16.771072387695312, 16.822683334350586, 16.88960075378418, 16.95404052734375, 17.016496658325195, 17.077655792236328, 17.138521194458008, 17.241865158081055, 17.381568908691406, 17.574552536010742, 17.760602951049805, 17.940933227539062, 18.188480377197266, 18.467573165893555, 18.730831146240234, 18.973119735717773, 19.195507049560547, 19.362102508544922, 19.46585464477539, 19.525901794433594, 19.527673721313477, 19.47694969177246, 19.387025833129883, 19.261695861816406, 19.104463577270508, 18.918527603149414, 18.7109432220459, 18.507047653198242, 18.282194137573242, 18.0462703704834, 17.800886154174805, 17.55887794494629, 17.32014274597168, 17.088150024414062, 16.865488052368164, 16.645328521728516, 16.4273738861084, 16.222990036010742, 16.030481338500977, 15.848286628723145, 15.674978256225586, 15.52670669555664, 15.400181770324707, 15.292561531066895, 15.187544822692871, 15.070568084716797, 14.928254127502441, 14.751208305358887, 14.549245834350586, 14.320436477661133, 14.066096305847168, 13.78748893737793, 13.513343811035156, 13.23341178894043, 12.962430000305176, 12.685794830322266, 12.395018577575684, 12.110440254211426, 11.831208229064941, 11.556435585021973, 11.270383834838867, 10.981368064880371, 10.682126998901367, 10.372060775756836, 10.041889190673828, 9.709310531616211, 9.368315696716309, 9.013463973999023, 8.645646095275879, 8.281783103942871, 7.920229911804199, 7.559204578399658, 7.22214412689209, 6.914300918579102, 6.6088056564331055, 6.292327880859375, 5.9802374839782715, 5.704217433929443, 5.466709613800049, 5.273501396179199, 5.110985279083252, 4.960665225982666, 4.827275276184082, 4.704380989074707, 4.613929271697998, 4.5145158767700195, 4.42043399810791, 4.344854831695557, 4.274346828460693, 4.224884986877441, 4.133105754852295, 4.0029377937316895, 3.83566951751709, 3.659518003463745, 3.51068377494812, 3.3706798553466797, 3.2340359687805176, 3.137019634246826, 3.0376415252685547, 2.9406182765960693, 2.8480570316314697, 2.765594244003296, 2.7063257694244385, 2.677948474884033, 2.695091962814331, 2.712728261947632, 2.732055187225342, 2.7537333965301514, 2.768770217895508, 2.805495500564575, 2.8746097087860107, 2.8890721797943115, 2.8635427951812744, 2.836581230163574, 2.787583351135254, 2.7418816089630127, 2.6998648643493652, 2.674980401992798, 2.637827157974243, 2.6168410778045654, 2.6097161769866943, 2.6518216133117676, 2.7361395359039307, 2.7905092239379883, 2.7828290462493896, 2.7623445987701416, 2.752678632736206, 2.765083074569702, 2.796121835708618, 2.8117449283599854, 2.8037617206573486, 2.788729190826416, 2.7784531116485596, 2.8001861572265625, 2.8501415252685547, 2.8577113151550293, 2.8270721435546875, 2.828843593597412, 2.8598790168762207, 2.865156650543213, 2.8365843296051025, 2.8264801502227783, 2.833887815475464, 2.84843111038208, 2.8565359115600586, 2.839759111404419, 2.865950345993042, 2.872479200363159, 2.852116346359253, 2.863297700881958, 2.882891893386841, 2.888472318649292, 2.873115301132202, 2.839778184890747, 2.8450613021850586, 2.86989426612854, 2.877715587615967, 2.857135057449341, 2.867292881011963, 2.891129493713379, 2.9098992347717285, 2.899632692337036, 2.8771626949310303, 2.9026522636413574, 2.9268558025360107, 2.932053804397583, 2.8957645893096924, 2.898549795150757, 2.9391961097717285, 2.992065191268921, 2.9876227378845215, 2.946744203567505, 2.9112484455108643, 2.892387628555298, 2.9151928424835205, 2.955446243286133, 2.9730892181396484, 2.9811525344848633, 2.9584436416625977, 2.9247255325317383, 2.92875337600708, 2.9612791538238525, 2.981962203979492, 2.9636659622192383, 2.9160125255584717, 2.9017603397369385, 2.922081708908081, 2.951612710952759, 2.980877637863159, 2.970670223236084, 2.92828369140625, 2.921757698059082, 2.94893217086792, 2.959012985229492, 2.946538209915161, 2.91017484664917, 2.887847423553467, 2.904573678970337, 2.944570541381836, 2.993577003479004, 3.007033586502075, 2.998162269592285, 2.9903180599212646, 2.986459493637085, 2.9845216274261475, 2.9674973487854004, 2.9293112754821777, 2.900585889816284, 2.9187002182006836, 2.9680023193359375, 2.9603610038757324, 2.928018093109131, 2.9437994956970215, 2.9810409545898438, 2.9744229316711426, 2.9540483951568604, 2.9731736183166504, 2.98099684715271, 2.95676326751709, 2.9033377170562744, 2.8828489780426025, 2.9154908657073975, 2.94472336769104, 2.966032028198242, 2.9555013179779053]

