Name : 2024.09.01.12.42.10
Type : mo_asy

Batch size : 1000
Epochs : 100
Validation split : 0.2
Feats : 12
Res list : ['att_idf']

Test root_mean_squared_error : 0.6185490489006042
Test loss : 0.3983842730522156

Summary :

Model: "functional"
+--------------------------------------------------------------------------------------+
| Layer (type)                         | Output Shape                |         Param # |
|--------------------------------------+-----------------------------+-----------------|
| input_layer (InputLayer)             | (None, 12)                  |               0 |
|--------------------------------------+-----------------------------+-----------------|
| batch_normalization                  | (None, 12)                  |              48 |
| (BatchNormalization)                 |                             |                 |
|--------------------------------------+-----------------------------+-----------------|
| dense (Dense)                        | (None, 50)                  |             650 |
|--------------------------------------+-----------------------------+-----------------|
| dense_1 (Dense)                      | (None, 50)                  |           2,550 |
|--------------------------------------+-----------------------------+-----------------|
| dense_2 (Dense)                      | (None, 50)                  |           2,550 |
|--------------------------------------+-----------------------------+-----------------|
| att_idf (Dense)                      | (None, 1)                   |              51 |
+--------------------------------------------------------------------------------------+
 Total params: 17,501 (68.37 KB)
 Trainable params: 5,825 (22.75 KB)
 Non-trainable params: 24 (96.00 B)
 Optimizer params: 11,652 (45.52 KB)

root_mean_squared_error : [2.8356502056121826, 2.8679683208465576, 2.9135961532592773, 2.9669198989868164, 3.009552478790283, 3.0496413707733154, 3.090555429458618, 3.118192434310913, 3.121534585952759, 3.100837469100952, 3.058258295059204, 3.0015902519226074, 2.936373710632324, 2.8668901920318604, 2.7941641807556152, 2.720869541168213, 2.6534781455993652, 2.594451665878296, 2.542330741882324, 2.4961259365081787, 2.455172538757324, 2.417245864868164, 2.3798255920410156, 2.3434464931488037, 2.2985429763793945, 2.2436838150024414, 2.1778032779693604, 2.1080353260040283, 2.037750244140625, 1.9757747650146484, 1.9244111776351929, 1.8799846172332764, 1.8392252922058105, 1.7906731367111206, 1.7346607446670532, 1.671769618988037, 1.6065911054611206, 1.543641448020935, 1.48587167263031, 1.4226220846176147, 1.350888967514038, 1.2698267698287964, 1.1815416812896729, 1.0922942161560059, 1.0066205263137817, 0.9263142943382263, 0.8459600806236267, 0.7638083696365356, 0.6899856328964233, 0.6254328489303589, 0.5595054626464844, 0.5043960213661194, 0.46354493498802185, 0.43076685070991516, 0.4036608040332794, 0.37861281633377075, 0.3511125445365906, 0.32720547914505005, 0.30910927057266235, 0.30383604764938354, 0.29246053099632263, 0.27770644426345825, 0.26615437865257263, 0.2565946877002716, 0.24417272210121155, 0.22924555838108063, 0.21727271378040314, 0.2086208164691925, 0.20527763664722443, 0.2037244290113449, 0.19907091557979584, 0.19422569870948792, 0.19107817113399506, 0.1770508587360382, 0.16286544501781464, 0.14818105101585388, 0.13517101109027863, 0.12882131338119507, 0.1291014552116394, 0.13497868180274963, 0.13832175731658936, 0.137821763753891, 0.13547833263874054, 0.13093301653862, 0.12987776100635529, 0.12215207517147064, 0.12027186155319214, 0.12265921384096146, 0.12187327444553375, 0.11563392728567123, 0.11142586916685104, 0.11158251017332077, 0.11507236212491989, 0.12404680997133255, 0.12276793271303177, 0.11458338797092438, 0.11166748404502869, 0.10799985378980637, 0.11382372677326202, 0.11744707822799683]

Loss : [2.0373353958129883, 1.9420366287231445, 1.8512392044067383, 1.7712442874908447, 1.7046314477920532, 1.632879376411438, 1.574761986732483, 1.5553374290466309, 1.5368911027908325, 1.511634349822998, 1.4786272048950195, 1.4477663040161133, 1.4204531908035278, 1.391090750694275, 1.3590162992477417, 1.3357561826705933, 1.3144508600234985, 1.2939318418502808, 1.268964409828186, 1.2410047054290771, 1.2112454175949097, 1.1790480613708496, 1.1465550661087036, 1.1200597286224365, 1.09687077999115, 1.072116494178772, 1.0442386865615845, 1.0176520347595215, 0.9931629300117493, 0.9706110954284668, 0.9416086077690125, 0.9089299440383911, 0.8790780305862427, 0.8484055399894714, 0.8137912154197693, 0.7755094766616821, 0.7386156320571899, 0.7043482065200806, 0.6657266616821289, 0.6269275546073914, 0.5886358618736267, 0.5466263890266418, 0.502720057964325, 0.457426518201828, 0.41435807943344116, 0.3805464804172516, 0.35545891523361206, 0.32599830627441406, 0.29747486114501953, 0.26968714594841003, 0.24573783576488495, 0.23293916881084442, 0.22291432321071625, 0.2210872620344162, 0.22148597240447998, 0.22374872863292694, 0.21557866036891937, 0.21307240426540375, 0.20358248054981232, 0.2040664553642273, 0.19762814044952393, 0.19024984538555145, 0.18385760486125946, 0.1735304594039917, 0.16133694350719452, 0.15037085115909576, 0.1352127492427826, 0.12416615337133408, 0.12234830856323242, 0.12115553766489029, 0.12671096622943878, 0.12849803268909454, 0.12643197178840637, 0.12124160677194595, 0.11392976343631744, 0.10400121659040451, 0.10050251334905624, 0.09709024429321289, 0.09638943523168564, 0.0990181490778923, 0.09786413609981537, 0.10186276584863663, 0.09498735517263412, 0.09415804594755173, 0.09661183506250381, 0.09057094901800156, 0.08499032258987427, 0.08712571859359741, 0.08840227127075195, 0.08554601669311523, 0.08867762982845306, 0.08588050305843353, 0.08080779016017914, 0.09127329289913177, 0.08882468938827515, 0.08093010634183884, 0.08345844596624374, 0.07861913740634918, 0.08569864183664322, 0.08147696405649185]

Validation root_mean_squared_error : [4.177248954772949, 4.328523635864258, 4.478714942932129, 4.594186782836914, 4.694079399108887, 4.785953998565674, 4.847630977630615, 4.8635454177856445, 4.8362956047058105, 4.772909164428711, 4.689733505249023, 4.593132972717285, 4.48526668548584, 4.368268013000488, 4.247596740722656, 4.137645244598389, 4.043059349060059, 3.9617483615875244, 3.8920929431915283, 3.833634614944458, 3.783076524734497, 3.7358179092407227, 3.691920042037964, 3.6298954486846924, 3.547150135040283, 3.441728353500366, 3.328418016433716, 3.2134761810302734, 3.113903284072876, 3.035663604736328, 2.970883846282959, 2.913116693496704, 2.8404529094696045, 2.753873825073242, 2.6544289588928223, 2.5513813495635986, 2.4520928859710693, 2.362757682800293, 2.2620720863342285, 2.1448144912719727, 2.0136616230010986, 1.8712127208709717, 1.7271332740783691, 1.5909404754638672, 1.4610501527786255, 1.3316378593444824, 1.2004691362380981, 1.0901648998260498, 1.0015290975570679, 0.9136449694633484, 0.8492224812507629, 0.8073284029960632, 0.7729465961456299, 0.739590048789978, 0.7184153199195862, 0.7085630297660828, 0.7038097381591797, 0.6931769251823425, 0.686198890209198, 0.6830863356590271, 0.6769168376922607, 0.6670429706573486, 0.6569600105285645, 0.6472099423408508, 0.6404017210006714, 0.6303967833518982, 0.6217641830444336, 0.616573691368103, 0.6131855249404907, 0.6072469353675842, 0.6038970351219177, 0.6009182929992676, 0.5926849842071533, 0.5863704085350037, 0.5810708403587341, 0.5723487138748169, 0.5627438426017761, 0.5593176484107971, 0.5651216506958008, 0.5694742202758789, 0.5625458359718323, 0.5696815848350525, 0.5705716609954834, 0.5684269666671753, 0.5687630772590637, 0.5690196752548218, 0.5660297870635986, 0.5642455220222473, 0.5624687671661377, 0.5614063143730164, 0.5627322793006897, 0.5655152797698975, 0.5718798041343689, 0.5717835426330566, 0.5689525008201599, 0.5655109286308289, 0.5586480498313904, 0.5575527548789978, 0.5625735521316528, 0.5640650391578674]

Validation loss : [3.1234991550445557, 3.1547625064849854, 3.17706561088562, 3.1909332275390625, 3.225273847579956, 3.276085138320923, 3.3178863525390625, 3.332885265350342, 3.3140642642974854, 3.2629542350769043, 3.196946144104004, 3.1202280521392822, 3.034912109375, 2.942415952682495, 2.84675931930542, 2.7592873573303223, 2.6854655742645264, 2.6252825260162354, 2.573519706726074, 2.5299458503723145, 2.492140293121338, 2.458052635192871, 2.4333486557006836, 2.396103858947754, 2.3427507877349854, 2.2748382091522217, 2.2080025672912598, 2.1404786109924316, 2.077787399291992, 2.0242905616760254, 1.9744755029678345, 1.9251230955123901, 1.8652533292770386, 1.7953583002090454, 1.7180936336517334, 1.637248158454895, 1.557796597480774, 1.4855799674987793, 1.4061992168426514, 1.3158291578292847, 1.2215038537979126, 1.121791124343872, 1.0171252489089966, 0.9461215734481812, 0.8791296482086182, 0.8136810660362244, 0.7624182105064392, 0.7062416076660156, 0.6426815390586853, 0.5935196280479431, 0.571997880935669, 0.5705559253692627, 0.5590592622756958, 0.5252994894981384, 0.5132908821105957, 0.5283463001251221, 0.5421848297119141, 0.5336359739303589, 0.5146085619926453, 0.5095130205154419, 0.5058770775794983, 0.4937695264816284, 0.4781395196914673, 0.46730485558509827, 0.46833693981170654, 0.4617908298969269, 0.4523795545101166, 0.4429629445075989, 0.4397859275341034, 0.4406169056892395, 0.44317394495010376, 0.4430522918701172, 0.44119980931282043, 0.43864545226097107, 0.4328003227710724, 0.4196215569972992, 0.4039761424064636, 0.3975779712200165, 0.4071137309074402, 0.4146941900253296, 0.3996472656726837, 0.4170049726963043, 0.4194816052913666, 0.4063263535499573, 0.4079557955265045, 0.4121483266353607, 0.41800302267074585, 0.41667166352272034, 0.4091280996799469, 0.40736764669418335, 0.4054465889930725, 0.4058701992034912, 0.414562851190567, 0.4099966585636139, 0.40695202350616455, 0.40186136960983276, 0.38983210921287537, 0.38814279437065125, 0.40299999713897705, 0.407421350479126]

