Name : 2024.09.01.12.38.32
Type : mo_asy

Batch size : 1000
Epochs : 150
Validation split : 0.2
Feats : 12
Res list : ['att_inout']

Test root_mean_squared_error : 5.022794246673584
Test loss : 3.9893596172332764

Summary :

Model: "functional"
+--------------------------------------------------------------------------------------+
| Layer (type)                         | Output Shape                |         Param # |
|--------------------------------------+-----------------------------+-----------------|
| input_layer (InputLayer)             | (None, 12)                  |               0 |
|--------------------------------------+-----------------------------+-----------------|
| batch_normalization                  | (None, 12)                  |              48 |
| (BatchNormalization)                 |                             |                 |
|--------------------------------------+-----------------------------+-----------------|
| dense (Dense)                        | (None, 50)                  |             650 |
|--------------------------------------+-----------------------------+-----------------|
| dense_1 (Dense)                      | (None, 50)                  |           2,550 |
|--------------------------------------+-----------------------------+-----------------|
| dense_2 (Dense)                      | (None, 50)                  |           2,550 |
|--------------------------------------+-----------------------------+-----------------|
| att_inout (Dense)                    | (None, 1)                   |              51 |
+--------------------------------------------------------------------------------------+
 Total params: 17,501 (68.37 KB)
 Trainable params: 5,825 (22.75 KB)
 Non-trainable params: 24 (96.00 B)
 Optimizer params: 11,652 (45.52 KB)

root_mean_squared_error : [17.7136173248291, 17.657197952270508, 17.601882934570312, 17.546964645385742, 17.491670608520508, 17.435291290283203, 17.377336502075195, 17.317432403564453, 17.25523567199707, 17.190397262573242, 17.1225528717041, 17.05133056640625, 16.976375579833984, 16.89734649658203, 16.813934326171875, 16.725868225097656, 16.6329288482666, 16.534963607788086, 16.431901931762695, 16.323772430419922, 16.210737228393555, 16.093109130859375, 15.971365928649902, 15.84614372253418, 15.718266487121582, 15.588781356811523, 15.45969295501709, 15.332367897033691, 15.208518981933594, 15.090218544006348, 14.97990894317627, 14.880420684814453, 14.794977188110352, 14.724480628967285, 14.671879768371582, 14.639381408691406, 14.630111694335938, 14.645614624023438, 14.684423446655273, 14.729815483093262, 14.783295631408691, 14.84550952911377, 14.91700267791748, 14.976075172424316, 15.01198673248291, 15.014242172241211, 14.971375465393066, 14.885717391967773, 14.761362075805664, 14.609158515930176, 14.432757377624512, 14.236490249633789, 14.029505729675293, 13.815285682678223, 13.59737491607666, 13.382926940917969, 13.173032760620117, 12.980172157287598, 12.807355880737305, 12.655771255493164, 12.521452903747559, 12.401508331298828, 12.29390811920166, 12.1973295211792, 12.105387687683105, 12.00953197479248, 11.90939998626709, 11.804835319519043, 11.68911361694336, 11.562535285949707, 11.425520896911621, 11.278595924377441, 11.122380256652832, 10.957584381103516, 10.778399467468262, 10.595804214477539, 10.40994930267334, 10.221039772033691, 10.026066780090332, 9.825678825378418, 9.620718955993652, 9.412149429321289, 9.215550422668457, 9.036260604858398, 8.872387886047363, 8.702549934387207, 8.518760681152344, 8.329978942871094, 8.1355562210083, 7.9360857009887695, 7.740528583526611, 7.548230171203613, 7.349959850311279, 7.155381679534912, 6.963504791259766, 6.773837566375732, 6.58606481552124, 6.392914772033691, 6.205049514770508, 6.012477874755859, 5.823018550872803, 5.621258735656738, 5.421103477478027, 5.215293884277344, 5.0296831130981445, 4.840177536010742, 4.658134937286377, 4.479223728179932, 4.3083696365356445, 4.142916202545166, 3.9903979301452637, 3.850205659866333, 3.7237653732299805, 3.6156983375549316, 3.5412302017211914, 3.4945356845855713, 3.457270383834839, 3.4264674186706543, 3.391298532485962, 3.3732645511627197, 3.387333631515503, 3.35760498046875, 3.2783780097961426, 3.1721906661987305, 3.0844011306762695, 3.004432201385498, 2.9388623237609863, 2.8990962505340576, 2.8904099464416504, 2.918555736541748, 2.939702033996582, 2.9085872173309326, 2.84905743598938, 2.803743362426758, 2.7819812297821045, 2.7816271781921387, 2.793421983718872, 2.7924015522003174, 2.79712176322937, 2.7968831062316895, 2.7905330657958984, 2.7637882232666016, 2.7583701610565186, 2.7563037872314453, 2.7616841793060303, 2.758744955062866, 2.718562602996826, 2.6702468395233154, 2.649616241455078, 2.650940179824829]

Loss : [16.20757484436035, 16.146883010864258, 16.08710289001465, 16.027854919433594, 15.968470573425293, 15.90816593170166, 15.84615421295166, 15.781717300415039, 15.714204788208008, 15.642989158630371, 15.567432403564453, 15.486869812011719, 15.400606155395508, 15.307929039001465, 15.208091735839844, 15.100325584411621, 14.983830451965332, 14.857771873474121, 14.721281051635742, 14.573452949523926, 14.413352966308594, 14.240006446838379, 14.052417755126953, 13.8495512008667, 13.630340576171875, 13.411395072937012, 13.187713623046875, 12.946993827819824, 12.688223838806152, 12.410367965698242, 12.112390518188477, 11.793255805969238, 11.455822944641113, 11.163022994995117, 10.90849494934082, 10.664916038513184, 10.429509162902832, 10.231493949890137, 10.106352806091309, 9.97679328918457, 9.837226867675781, 9.688946723937988, 9.602546691894531, 9.559425354003906, 9.533673286437988, 9.512858390808105, 9.486769676208496, 9.43091106414795, 9.375405311584473, 9.302103042602539, 9.211824417114258, 9.109492301940918, 9.004030227661133, 8.888755798339844, 8.766434669494629, 8.659085273742676, 8.571186065673828, 8.500651359558105, 8.435713768005371, 8.376299858093262, 8.308500289916992, 8.232877731323242, 8.14980697631836, 8.059708595275879, 7.976794719696045, 7.8976874351501465, 7.814040184020996, 7.7327680587768555, 7.6494460105896, 7.5613112449646, 7.468395233154297, 7.370691299438477, 7.26816987991333, 7.1629252433776855, 7.057048797607422, 6.95527982711792, 6.850247859954834, 6.754212856292725, 6.656742095947266, 6.5559210777282715, 6.452141761779785, 6.348109245300293, 6.253377437591553, 6.148235321044922, 6.035013198852539, 5.926166534423828, 5.814256191253662, 5.704822540283203, 5.596097469329834, 5.48424768447876, 5.371194839477539, 5.254115581512451, 5.133770942687988, 5.014759063720703, 4.917217254638672, 4.815672874450684, 4.713830471038818, 4.607915878295898, 4.5001630783081055, 4.390425205230713, 4.284971237182617, 4.175370216369629, 4.063690185546875, 3.961238145828247, 3.8571319580078125, 3.744859457015991, 3.628110885620117, 3.5057148933410645, 3.3861916065216064, 3.2644100189208984, 3.138686418533325, 3.0044732093811035, 2.8646628856658936, 2.739745855331421, 2.6250593662261963, 2.5364699363708496, 2.445847272872925, 2.3758583068847656, 2.347541093826294, 2.294950485229492, 2.2798404693603516, 2.2844343185424805, 2.228412389755249, 2.168949842453003, 2.141979217529297, 2.1294496059417725, 2.1009345054626465, 2.0494725704193115, 2.0099539756774902, 1.9960383176803589, 1.9979041814804077, 1.9521026611328125, 1.9143122434616089, 1.9055557250976562, 1.9097900390625, 1.900518536567688, 1.8541336059570312, 1.8365628719329834, 1.8179088830947876, 1.7998366355895996, 1.7821221351623535, 1.7549588680267334, 1.768368124961853, 1.7537094354629517, 1.7398691177368164, 1.7287219762802124, 1.6966227293014526, 1.707000970840454, 1.7080001831054688, 1.6847821474075317]

Validation root_mean_squared_error : [16.213764190673828, 16.22265625, 16.23395538330078, 16.247468948364258, 16.263032913208008, 16.28057098388672, 16.300140380859375, 16.321914672851562, 16.346139907836914, 16.373119354248047, 16.403188705444336, 16.4367618560791, 16.47430419921875, 16.516353607177734, 16.563526153564453, 16.616525650024414, 16.67616844177246, 16.74337387084961, 16.819175720214844, 16.90473747253418, 17.0013427734375, 17.110370635986328, 17.233257293701172, 17.37146759033203, 17.526512145996094, 17.699392318725586, 17.891407012939453, 18.10403060913086, 18.338748931884766, 18.597057342529297, 18.880447387695312, 19.190387725830078, 19.52157974243164, 19.869258880615234, 20.23095703125, 20.60898208618164, 20.99687957763672, 21.38591957092285, 21.755817413330078, 22.11012840270996, 22.45139503479004, 22.781761169433594, 23.06116485595703, 23.27245330810547, 23.40024185180664, 23.429101943969727, 23.36995506286621, 23.233205795288086, 23.03386878967285, 22.779815673828125, 22.47866439819336, 22.14198112487793, 21.77595329284668, 21.386302947998047, 20.989208221435547, 20.58668327331543, 20.205915451049805, 19.86098861694336, 19.563030242919922, 19.306365966796875, 19.086288452148438, 18.898914337158203, 18.741058349609375, 18.60245704650879, 18.46572494506836, 18.329792022705078, 18.193777084350586, 18.041767120361328, 17.874343872070312, 17.69211769104004, 17.4957275390625, 17.28583335876465, 17.063133239746094, 16.809354782104492, 16.545520782470703, 16.272348403930664, 15.990549087524414, 15.686714172363281, 15.363043785095215, 15.021675109863281, 14.664653778076172, 14.321061134338379, 14.012425422668457, 13.734736442565918, 13.435599327087402, 13.097939491271973, 12.749261856079102, 12.388252258300781, 12.016229629516602, 11.653639793395996, 11.299113273620605, 10.931817054748535, 10.573098182678223, 10.230609893798828, 9.903472900390625, 9.590902328491211, 9.273735046386719, 8.973532676696777, 8.658148765563965, 8.348280906677246, 8.006396293640137, 7.657557487487793, 7.297091484069824, 6.992755889892578, 6.7174906730651855, 6.478146553039551, 6.24825382232666, 6.034874439239502, 5.821673393249512, 5.619200229644775, 5.431436538696289, 5.264191627502441, 5.123429298400879, 5.031749725341797, 4.99150276184082, 4.982756614685059, 4.98778772354126, 4.942140579223633, 4.876651287078857, 4.841734409332275, 4.830906391143799, 4.820738792419434, 4.809060096740723, 4.7802252769470215, 4.791260719299316, 4.800521373748779, 4.783501148223877, 4.763689041137695, 4.795178413391113, 4.780221939086914, 4.795039176940918, 4.799191951751709, 4.79796028137207, 4.8362016677856445, 4.879151344299316, 4.844137668609619, 4.787187099456787, 4.761509418487549, 4.75075101852417, 4.781976222991943, 4.8532304763793945, 4.916702747344971, 4.919464111328125, 4.887192726135254, 4.897492408752441, 4.933593273162842, 4.951955795288086, 4.965924263000488, 4.959601402282715, 5.0006794929504395]

Validation loss : [15.087374687194824, 15.091745376586914, 15.097890853881836, 15.105772018432617, 15.115248680114746, 15.125995635986328, 15.137713432312012, 15.150215148925781, 15.163394927978516, 15.177173614501953, 15.191487312316895, 15.20627498626709, 15.221477508544922, 15.237034797668457, 15.25288200378418, 15.268954277038574, 15.285179138183594, 15.301482200622559, 15.317777633666992, 15.33397388458252, 15.349953651428223, 15.365572929382324, 15.38063907623291, 15.394903182983398, 15.408069610595703, 15.421055793762207, 15.433290481567383, 15.44434928894043, 15.453786849975586, 15.48337173461914, 15.525294303894043, 15.614367485046387, 15.703988075256348, 15.790938377380371, 15.892239570617676, 16.081493377685547, 16.341304779052734, 16.606910705566406, 16.876338958740234, 17.131711959838867, 17.36713981628418, 17.584558486938477, 17.766122817993164, 17.921499252319336, 18.005407333374023, 18.012550354003906, 17.953041076660156, 17.834091186523438, 17.670495986938477, 17.467758178710938, 17.23126983642578, 16.968244552612305, 16.683279037475586, 16.399490356445312, 16.14478302001953, 15.883254051208496, 15.63419246673584, 15.407123565673828, 15.208253860473633, 15.034406661987305, 14.882824897766113, 14.75113296508789, 14.637272834777832, 14.536787033081055, 14.436714172363281, 14.336329460144043, 14.234944343566895, 14.122319221496582, 13.998648643493652, 13.8640775680542, 13.718711853027344, 13.5626220703125, 13.395842552185059, 13.20536994934082, 13.006693840026855, 12.800037384033203, 12.585582733154297, 12.35459041595459, 12.108402252197266, 11.848235130310059, 11.577531814575195, 11.323417663574219, 11.097081184387207, 10.896136283874512, 10.689152717590332, 10.457623481750488, 10.218523025512695, 9.968775749206543, 9.708919525146484, 9.452085494995117, 9.19713020324707, 8.929718971252441, 8.66358757019043, 8.405323028564453, 8.15416145324707, 7.911924362182617, 7.66904878616333, 7.433839321136475, 7.188528537750244, 6.941186904907227, 6.673445701599121, 6.396358489990234, 6.105454921722412, 5.840606689453125, 5.59619140625, 5.372219085693359, 5.169182777404785, 4.976316928863525, 4.773862361907959, 4.547400951385498, 4.297945499420166, 4.054728984832764, 3.8953487873077393, 3.8881595134735107, 3.917877674102783, 3.942450761795044, 4.048501968383789, 4.068610668182373, 4.0627923011779785, 4.128910064697266, 4.156134605407715, 4.1364617347717285, 4.067332744598389, 3.9706623554229736, 3.9163060188293457, 3.872861862182617, 3.8375537395477295, 3.817708969116211, 3.85426926612854, 3.84625506401062, 3.8489596843719482, 3.824150562286377, 3.776456832885742, 3.7625131607055664, 3.7980966567993164, 3.7791311740875244, 3.712869882583618, 3.6944077014923096, 3.6789324283599854, 3.689537286758423, 3.7143619060516357, 3.7736644744873047, 3.788459539413452, 3.7856171131134033, 3.816272258758545, 3.810521125793457, 3.7645933628082275, 3.7731106281280518, 3.7986340522766113, 3.904139995574951]

