Name : 2024.09.01.13.02.02
Type : mo_asy

Batch size : 1000
Epochs : 300
Validation split : 0.2
Feats : 12
Res list : ['er_20']

Test root_mean_squared_error : 0.9850246906280518
Test loss : 0.5471221804618835

Summary :

Model: "functional"
+--------------------------------------------------------------------------------------+
| Layer (type)                         | Output Shape                |         Param # |
|--------------------------------------+-----------------------------+-----------------|
| input_layer (InputLayer)             | (None, 12)                  |               0 |
|--------------------------------------+-----------------------------+-----------------|
| batch_normalization                  | (None, 12)                  |              48 |
| (BatchNormalization)                 |                             |                 |
|--------------------------------------+-----------------------------+-----------------|
| dense (Dense)                        | (None, 50)                  |             650 |
|--------------------------------------+-----------------------------+-----------------|
| dense_1 (Dense)                      | (None, 50)                  |           2,550 |
|--------------------------------------+-----------------------------+-----------------|
| dense_2 (Dense)                      | (None, 50)                  |           2,550 |
|--------------------------------------+-----------------------------+-----------------|
| er_20 (Dense)                        | (None, 1)                   |              51 |
+--------------------------------------------------------------------------------------+
 Total params: 17,501 (68.37 KB)
 Trainable params: 5,825 (22.75 KB)
 Non-trainable params: 24 (96.00 B)
 Optimizer params: 11,652 (45.52 KB)

root_mean_squared_error : [1.5949270725250244, 1.5260921716690063, 1.4692491292953491, 1.4115103483200073, 1.35954749584198, 1.309094786643982, 1.2609307765960693, 1.2169134616851807, 1.1759952306747437, 1.1358848810195923, 1.092267394065857, 1.046606421470642, 0.9990904331207275, 0.9470154047012329, 0.890009880065918, 0.8250141143798828, 0.7532309889793396, 0.6781471967697144, 0.6042996644973755, 0.5351873636245728, 0.47016841173171997, 0.4074905216693878, 0.34944820404052734, 0.29620397090911865, 0.2615785598754883, 0.2481277883052826, 0.25032299757003784, 0.2599794864654541, 0.2680906057357788, 0.26625093817710876, 0.25954633951187134, 0.24800269305706024, 0.23298902809619904, 0.21632377803325653, 0.2021467089653015, 0.19191817939281464, 0.18967576324939728, 0.18983624875545502, 0.1896514594554901, 0.19198136031627655, 0.1931789368391037, 0.18861667811870575, 0.18188749253749847, 0.1756085306406021, 0.1730491816997528, 0.1705297976732254, 0.16696175932884216, 0.16862978041172028, 0.1657668799161911, 0.16283340752124786, 0.1622624397277832, 0.1609077900648117, 0.16084374487400055, 0.15834824740886688, 0.15618738532066345, 0.15621033310890198, 0.1566568911075592, 0.15668722987174988, 0.15313126146793365, 0.15183930099010468, 0.15266528725624084, 0.15369459986686707, 0.1542372852563858, 0.15131132304668427, 0.15107552707195282, 0.14884048700332642, 0.15059971809387207, 0.14995156228542328, 0.14774189889431, 0.14761213958263397, 0.14544379711151123, 0.1456296294927597, 0.14480789005756378, 0.14349998533725739, 0.1461590826511383, 0.14599719643592834, 0.14425821602344513, 0.14346066117286682, 0.14132778346538544, 0.1430070400238037, 0.142926424741745, 0.14315880835056305, 0.14184896647930145, 0.1422264128923416, 0.14150801301002502, 0.14400507509708405, 0.14457884430885315, 0.14180251955986023, 0.14044587314128876, 0.1397351771593094, 0.13756513595581055, 0.1383342295885086, 0.13774441182613373, 0.1372629702091217, 0.14019814133644104, 0.1400408148765564, 0.14040090143680573, 0.1401737630367279, 0.13903257250785828, 0.13926707208156586, 0.137126624584198, 0.13560889661312103, 0.13443297147750854, 0.13663078844547272, 0.13875940442085266, 0.13654117286205292, 0.1335187405347824, 0.13295534253120422, 0.13172002136707306, 0.1338658481836319, 0.132679283618927, 0.133297398686409, 0.1348809003829956, 0.13710229098796844, 0.13692112267017365, 0.13423305749893188, 0.13312295079231262, 0.13171643018722534, 0.1313704401254654, 0.13217371702194214, 0.131106436252594, 0.1306164413690567, 0.13044247031211853, 0.1300789713859558, 0.13142706453800201, 0.1275869607925415, 0.12776537239551544, 0.12772081792354584, 0.129202738404274, 0.12928283214569092, 0.1312156468629837, 0.13063332438468933, 0.1320868730545044, 0.1305641233921051, 0.12649588286876678, 0.12499943375587463, 0.12649020552635193, 0.12548816204071045, 0.12661759555339813, 0.1271546334028244, 0.1286896914243698, 0.12823612987995148, 0.1266830712556839, 0.1255384087562561, 0.12523941695690155, 0.12456666678190231, 0.12503522634506226, 0.12507027387619019, 0.12431563436985016, 0.12451410293579102, 0.1258123815059662, 0.12633036077022552, 0.1235414445400238, 0.12339043617248535, 0.12223626673221588, 0.12487854063510895, 0.12468428164720535, 0.1242600530385971, 0.12266213446855545, 0.12326756119728088, 0.1264820396900177, 0.12521116435527802, 0.1236141100525856, 0.1229902133345604, 0.12284161150455475, 0.12560276687145233, 0.12236742675304413, 0.11954149603843689, 0.11911854147911072, 0.11846593022346497, 0.12350381910800934, 0.12193971872329712, 0.11987260729074478, 0.12086281925439835, 0.11864504218101501, 0.12091981619596481, 0.12419097870588303, 0.12037461996078491, 0.12022228538990021, 0.11962974816560745, 0.1205865666270256, 0.12353471666574478, 0.12085961550474167, 0.1175108551979065, 0.11874129623174667, 0.11806131154298782, 0.11717544496059418, 0.1183357909321785, 0.11746092885732651, 0.11766382306814194, 0.1172238141298294, 0.11774338781833649, 0.115565724670887, 0.11453133076429367, 0.11516102403402328, 0.11507264524698257, 0.11649776250123978, 0.1183081641793251, 0.11670196801424026, 0.11682581156492233, 0.11473876237869263, 0.11481955647468567, 0.11416395008563995, 0.11521147191524506, 0.11351685971021652, 0.11576967686414719, 0.11465638130903244, 0.1131807193160057, 0.11221399158239365, 0.11232608556747437, 0.11255060136318207, 0.1129971444606781, 0.11361818760633469, 0.11354880779981613, 0.1159902885556221, 0.11329413205385208, 0.11614416539669037, 0.11391940712928772, 0.11079449206590652, 0.11428166180849075, 0.11067362129688263, 0.11306316405534744, 0.1131378784775734, 0.11040235310792923, 0.11183647066354752, 0.11073111742734909, 0.11285104602575302, 0.1154516190290451, 0.1145145371556282, 0.11101967841386795, 0.10812312364578247, 0.10880612581968307, 0.10959384590387344, 0.10820380598306656, 0.11010203510522842, 0.10886171460151672, 0.11062110960483551, 0.10862361639738083, 0.10576222091913223, 0.10622984915971756, 0.10731716454029083, 0.11138205230236053, 0.11209197342395782, 0.11230979859828949, 0.10952062904834747, 0.10832421481609344, 0.10803297907114029, 0.10496028512716293, 0.10581224411725998, 0.10898231714963913, 0.10972268879413605, 0.10712674260139465, 0.10644864290952682, 0.10478919744491577, 0.10410355776548386, 0.11040262877941132, 0.11163381487131119, 0.11141747981309891, 0.11072373390197754, 0.10619662702083588, 0.1057330071926117, 0.10597972571849823, 0.10419604182243347, 0.11062780022621155, 0.11434998363256454, 0.10892486572265625, 0.10363667458295822, 0.10194241255521774, 0.10224936157464981, 0.10349667072296143, 0.10348156094551086, 0.10567670315504074, 0.11095590144395828, 0.11411542445421219, 0.10717148333787918, 0.10212188214063644, 0.10110481828451157, 0.10241040587425232, 0.10103707760572433, 0.10182926058769226, 0.10457539558410645, 0.10608375817537308, 0.10149995237588882, 0.10063549876213074, 0.0975971445441246, 0.10168329626321793, 0.09963947534561157, 0.10008973628282547, 0.10012500733137131, 0.10680446773767471, 0.10594092309474945, 0.10577026009559631, 0.10410618782043457, 0.10662410408258438, 0.1070123016834259, 0.10212010145187378, 0.10092499852180481, 0.09773636609315872, 0.10726627707481384, 0.10565520823001862]

Loss : [0.8473220467567444, 0.7999313473701477, 0.7688634991645813, 0.7490604519844055, 0.7297490835189819, 0.7044731974601746, 0.6772856712341309, 0.6473457217216492, 0.6194432973861694, 0.5924347043037415, 0.5650589466094971, 0.5358943343162537, 0.5049911737442017, 0.472970575094223, 0.4412728250026703, 0.4088268280029297, 0.38028979301452637, 0.34952670335769653, 0.32158389687538147, 0.2931593954563141, 0.26198187470436096, 0.23288194835186005, 0.2084522396326065, 0.19294096529483795, 0.18867507576942444, 0.1880701631307602, 0.1898355931043625, 0.1930607557296753, 0.2000972479581833, 0.19977588951587677, 0.19532515108585358, 0.19068960845470428, 0.1773349642753601, 0.1619599163532257, 0.14685457944869995, 0.13863573968410492, 0.14178848266601562, 0.14464060962200165, 0.1438504457473755, 0.14504201710224152, 0.1472422480583191, 0.14403057098388672, 0.13882304728031158, 0.13422779738903046, 0.13017071783542633, 0.12586486339569092, 0.12117477506399155, 0.1214265301823616, 0.11971935629844666, 0.11794724315404892, 0.11675482243299484, 0.11458030343055725, 0.11509715765714645, 0.11528891324996948, 0.11230314522981644, 0.11004932224750519, 0.10928628593683243, 0.11207514256238937, 0.10913094878196716, 0.10659900307655334, 0.10564639419317245, 0.10583309084177017, 0.10750158131122589, 0.10391844063997269, 0.10545823723077774, 0.10074590891599655, 0.10336421430110931, 0.1018558070063591, 0.099036805331707, 0.10048709064722061, 0.09834779053926468, 0.09911105036735535, 0.09965833276510239, 0.09591074287891388, 0.09779143333435059, 0.09605634957551956, 0.09574789553880692, 0.09626194089651108, 0.09295403957366943, 0.095460906624794, 0.09518617391586304, 0.09565939754247665, 0.09458626061677933, 0.09393739700317383, 0.08956334739923477, 0.09278129041194916, 0.0933428704738617, 0.09164804220199585, 0.08974375575780869, 0.09003910422325134, 0.08716882020235062, 0.09427834302186966, 0.09371654689311981, 0.08887311071157455, 0.09199044853448868, 0.09085312485694885, 0.09318888187408447, 0.0934792160987854, 0.08816857635974884, 0.09025854617357254, 0.08788106590509415, 0.09063698351383209, 0.08921512961387634, 0.09040322154760361, 0.09207012504339218, 0.08998158574104309, 0.08953455835580826, 0.09019052982330322, 0.08489252626895905, 0.08702534437179565, 0.08455052971839905, 0.08571077883243561, 0.08594846725463867, 0.08566655218601227, 0.08566472679376602, 0.08294747769832611, 0.08477625995874405, 0.08323436975479126, 0.0825289711356163, 0.08430930227041245, 0.08402185887098312, 0.08528357744216919, 0.08602743595838547, 0.08345923572778702, 0.08582984656095505, 0.08064357936382294, 0.08751880377531052, 0.08736478537321091, 0.08546993881464005, 0.08148037642240524, 0.0830574482679367, 0.08171416819095612, 0.08583090454339981, 0.08446007966995239, 0.07849230617284775, 0.07924343645572662, 0.08344481885433197, 0.08005692809820175, 0.08340995013713837, 0.0820121020078659, 0.08298766613006592, 0.08097993582487106, 0.07819261401891708, 0.07567531615495682, 0.08002189546823502, 0.07850410044193268, 0.07786066830158234, 0.07747330516576767, 0.07548225671052933, 0.07450827956199646, 0.07657381147146225, 0.0791362076997757, 0.07716497778892517, 0.07831846177577972, 0.0749456137418747, 0.07930264621973038, 0.07741876691579819, 0.0801292434334755, 0.08070779591798782, 0.0795520693063736, 0.07943043112754822, 0.0774134173989296, 0.08084512501955032, 0.07795729488134384, 0.07613413035869598, 0.08075464516878128, 0.07506278902292252, 0.0759822204709053, 0.07697874307632446, 0.07229125499725342, 0.08058545738458633, 0.07662131637334824, 0.0775776281952858, 0.08257199823856354, 0.07583308219909668, 0.07629761844873428, 0.08005186170339584, 0.07339772582054138, 0.08035899698734283, 0.07897549867630005, 0.07451105117797852, 0.07865016907453537, 0.07843508571386337, 0.07462351024150848, 0.07487723231315613, 0.0737653523683548, 0.07200215756893158, 0.07138446718454361, 0.0689772441983223, 0.07361745089292526, 0.07065893709659576, 0.07188187539577484, 0.07158700376749039, 0.07111253589391708, 0.0723973736166954, 0.06958907097578049, 0.06859691441059113, 0.07115264981985092, 0.0674915537238121, 0.0713101178407669, 0.06970620155334473, 0.07007671147584915, 0.06861402839422226, 0.07393273711204529, 0.06916680932044983, 0.07162099331617355, 0.06873714178800583, 0.06696783006191254, 0.06725012511014938, 0.06723344326019287, 0.0684511810541153, 0.06886205822229385, 0.0700351670384407, 0.06826572865247726, 0.07161081582307816, 0.06617198139429092, 0.07452350854873657, 0.07388176769018173, 0.06976237893104553, 0.07725493609905243, 0.0710906982421875, 0.0741199478507042, 0.07324756681919098, 0.0671585276722908, 0.07004488259553909, 0.0660967230796814, 0.06711938977241516, 0.06905418634414673, 0.0679648295044899, 0.06632359325885773, 0.06471516937017441, 0.06750660389661789, 0.06895885616540909, 0.06386620551347733, 0.06749653816223145, 0.06540502607822418, 0.06504891812801361, 0.0630791187286377, 0.06355657428503036, 0.06458333134651184, 0.0625535175204277, 0.06320401281118393, 0.06109526753425598, 0.06871648877859116, 0.06291330605745316, 0.062326669692993164, 0.06600603461265564, 0.06017247587442398, 0.05968537554144859, 0.06305887550115585, 0.06296521425247192, 0.060547176748514175, 0.06090252101421356, 0.06283179670572281, 0.06134955957531929, 0.06630782037973404, 0.06420249491930008, 0.06350697576999664, 0.06527800858020782, 0.061442065984010696, 0.06877370923757553, 0.06851211190223694, 0.060845065861940384, 0.06403903663158417, 0.06810888648033142, 0.06777571141719818, 0.062457963824272156, 0.06292484700679779, 0.06606453657150269, 0.06646697223186493, 0.06268048286437988, 0.060653019696474075, 0.06310459226369858, 0.06488839536905289, 0.058498550206422806, 0.057568155229091644, 0.05930670350790024, 0.06048896536231041, 0.05598129704594612, 0.06211228668689728, 0.06159529089927673, 0.06398805230855942, 0.05651699751615524, 0.06152398884296417, 0.05646799877285957, 0.06058637052774429, 0.05477491766214371, 0.059981271624565125, 0.05322110652923584, 0.06177857145667076, 0.05643593519926071, 0.05907325819134712, 0.059788137674331665, 0.06028907373547554, 0.06234553083777428, 0.06045796349644661, 0.06299950182437897, 0.058725230395793915, 0.06683266162872314, 0.060356270521879196]

Validation root_mean_squared_error : [3.040902614593506, 2.946320056915283, 2.8486697673797607, 2.7684366703033447, 2.696141242980957, 2.6314339637756348, 2.5765085220336914, 2.52862811088562, 2.4818789958953857, 2.4279608726501465, 2.3695900440216064, 2.3072702884674072, 2.2365527153015137, 2.155979871749878, 2.059058904647827, 1.948912262916565, 1.8328514099121094, 1.7189631462097168, 1.6128716468811035, 1.5127326250076294, 1.4122246503829956, 1.3107155561447144, 1.1978517770767212, 1.0955604314804077, 1.0190213918685913, 0.9606996774673462, 0.9081786274909973, 0.8540654182434082, 0.8271271586418152, 0.8255801200866699, 0.8447466492652893, 0.8645036816596985, 0.8783066868782043, 0.8960051536560059, 0.9238898158073425, 0.9439926743507385, 0.9706627130508423, 1.0037840604782104, 1.023722767829895, 1.028421401977539, 1.0201947689056396, 1.001302719116211, 0.9688454866409302, 0.9364103674888611, 0.9140121936798096, 0.9126619100570679, 0.9219187498092651, 0.9101182222366333, 0.8914503455162048, 0.8834213018417358, 0.8813098669052124, 0.8813886642456055, 0.8963268399238586, 0.9050769805908203, 0.9091435074806213, 0.9216402769088745, 0.9367398619651794, 0.9254740476608276, 0.8965352773666382, 0.8889577388763428, 0.9133692979812622, 0.9138569831848145, 0.8898453712463379, 0.8761078119277954, 0.8870662450790405, 0.9051774144172668, 0.9041549563407898, 0.8884087800979614, 0.875528872013092, 0.8833404183387756, 0.8923856019973755, 0.883597731590271, 0.8709961175918579, 0.8686924576759338, 0.8827776312828064, 0.8866055011749268, 0.8958451151847839, 0.8807005882263184, 0.8573926091194153, 0.8613995313644409, 0.8744052052497864, 0.8666946887969971, 0.8538067936897278, 0.8628511428833008, 0.8744192719459534, 0.8729727268218994, 0.8652357459068298, 0.861148476600647, 0.863077700138092, 0.8601371645927429, 0.8452657461166382, 0.8373603224754333, 0.8427227139472961, 0.8652791976928711, 0.8639608025550842, 0.8433672189712524, 0.8457177877426147, 0.8490486145019531, 0.8418571352958679, 0.8384998440742493, 0.8472805023193359, 0.8432825803756714, 0.8377378582954407, 0.8509020805358887, 0.8613301515579224, 0.8567935228347778, 0.8482383489608765, 0.8425307273864746, 0.8421549201011658, 0.825666606426239, 0.8248091340065002, 0.8250560164451599, 0.8307386636734009, 0.8409422039985657, 0.8419544100761414, 0.8229128122329712, 0.8286653757095337, 0.8346477150917053, 0.8263124227523804, 0.8239133358001709, 0.840142548084259, 0.8456712961196899, 0.8282889723777771, 0.8170035481452942, 0.8263394236564636, 0.8247429728507996, 0.8084968328475952, 0.7987979650497437, 0.8104720115661621, 0.8322852849960327, 0.8303809762001038, 0.815131425857544, 0.8130732178688049, 0.8274141550064087, 0.8219919204711914, 0.8033944964408875, 0.807164192199707, 0.831530749797821, 0.8279903531074524, 0.8032130599021912, 0.8031927347183228, 0.8203037977218628, 0.8159985542297363, 0.8115496039390564, 0.8180274367332458, 0.8198216557502747, 0.8178685903549194, 0.814284086227417, 0.8112806081771851, 0.8086557984352112, 0.815372884273529, 0.7993007302284241, 0.7965368032455444, 0.8110711574554443, 0.8260040283203125, 0.8227013945579529, 0.8062465190887451, 0.8150676488876343, 0.8209913372993469, 0.8092836737632751, 0.8030715584754944, 0.8020851612091064, 0.8093326091766357, 0.8142938017845154, 0.8101596236228943, 0.8088356256484985, 0.8053452968597412, 0.8099252581596375, 0.8049144744873047, 0.8018102049827576, 0.8066397309303284, 0.8192409873008728, 0.8140523433685303, 0.8041476607322693, 0.7985969185829163, 0.8066437244415283, 0.807689368724823, 0.8062963485717773, 0.8094878196716309, 0.81963050365448, 0.8139407634735107, 0.8016122579574585, 0.8043670654296875, 0.814318060874939, 0.8103024363517761, 0.7998378872871399, 0.8039500117301941, 0.8111259937286377, 0.8129639029502869, 0.8091980814933777, 0.8048359751701355, 0.8120568990707397, 0.7971514463424683, 0.7931091785430908, 0.806667149066925, 0.8053753972053528, 0.7972269058227539, 0.801651656627655, 0.8127142190933228, 0.8063786625862122, 0.8013117909431458, 0.8032235503196716, 0.8159596920013428, 0.8094637989997864, 0.7980619668960571, 0.800553023815155, 0.8059069514274597, 0.8015375137329102, 0.8031575083732605, 0.8170783519744873, 0.8160834312438965, 0.8115417957305908, 0.8167403340339661, 0.825317919254303, 0.811052143573761, 0.7910733222961426, 0.789600133895874, 0.8045760989189148, 0.8202469944953918, 0.8112121820449829, 0.7911424040794373, 0.7880459427833557, 0.8039447069168091, 0.8089249134063721, 0.80312579870224, 0.799393892288208, 0.8123364448547363, 0.8208746910095215, 0.8179453015327454, 0.8100982308387756, 0.799963653087616, 0.7962971925735474, 0.8023305535316467, 0.8102278709411621, 0.8043501377105713, 0.8100036382675171, 0.8119480609893799, 0.8083599805831909, 0.7999711036682129, 0.8009263873100281, 0.8104543685913086, 0.8081008195877075, 0.7967020273208618, 0.8037771582603455, 0.8060300350189209, 0.8007410764694214, 0.8036922812461853, 0.8123087882995605, 0.8132284879684448, 0.817868709564209, 0.8182699680328369, 0.8094284534454346, 0.8025515079498291, 0.8067512512207031, 0.8208266496658325, 0.8102843165397644, 0.8090460300445557, 0.821175217628479, 0.8144967555999756, 0.797014057636261, 0.7959666848182678, 0.806679904460907, 0.8235417604446411, 0.8267571926116943, 0.8148913979530334, 0.8127580285072327, 0.8164786696434021, 0.8052247762680054, 0.7968432307243347, 0.7992749214172363, 0.8035513758659363, 0.8163716197013855, 0.8198691010475159, 0.8081386685371399, 0.8071963787078857, 0.8127347826957703, 0.8182547688484192, 0.8134045600891113, 0.8106792569160461, 0.82875657081604, 0.8314748406410217, 0.8127853274345398, 0.8051002621650696, 0.8151461482048035, 0.8311265707015991, 0.8237233757972717, 0.8132233619689941, 0.8165854215621948, 0.8250136971473694, 0.8131813406944275, 0.7990187406539917, 0.801863431930542, 0.8223892450332642, 0.8245912194252014, 0.8044842481613159, 0.7976391315460205, 0.8070564866065979, 0.826208770275116, 0.8210991024971008, 0.7982401251792908]

Validation loss : [2.086171865463257, 2.0060558319091797, 1.9447906017303467, 1.8925892114639282, 1.8453303575515747, 1.8038952350616455, 1.7678108215332031, 1.7338212728500366, 1.6978248357772827, 1.6607136726379395, 1.6186573505401611, 1.5719345808029175, 1.5240931510925293, 1.4712247848510742, 1.404845952987671, 1.3310613632202148, 1.2549442052841187, 1.1794054508209229, 1.106717586517334, 1.034371256828308, 0.9594147205352783, 0.8856934905052185, 0.8052217960357666, 0.7269994616508484, 0.6627058386802673, 0.6206569075584412, 0.5859468579292297, 0.5502412915229797, 0.5308032035827637, 0.527615487575531, 0.5388661026954651, 0.5543727278709412, 0.5706939101219177, 0.5906671285629272, 0.6167357563972473, 0.6458218693733215, 0.6703101396560669, 0.6901628971099854, 0.6997964978218079, 0.6996335387229919, 0.6944459676742554, 0.6832773685455322, 0.6625955104827881, 0.6400797963142395, 0.6233125329017639, 0.6188724637031555, 0.6206751465797424, 0.6161954998970032, 0.6039549112319946, 0.5981343984603882, 0.6010710597038269, 0.603716254234314, 0.6108058094978333, 0.6166751980781555, 0.6193311214447021, 0.6224313378334045, 0.6243443489074707, 0.6144971251487732, 0.5963791608810425, 0.5888710021972656, 0.5985220074653625, 0.5965867042541504, 0.5828984379768372, 0.5777174234390259, 0.5802364945411682, 0.5848058462142944, 0.5867233276367188, 0.5877994298934937, 0.586669385433197, 0.5891748070716858, 0.5884105563163757, 0.580451250076294, 0.5761778950691223, 0.5771617889404297, 0.5852296352386475, 0.5870543718338013, 0.5899054408073425, 0.5828617215156555, 0.5730133056640625, 0.571822464466095, 0.5759061574935913, 0.5722063183784485, 0.5671334862709045, 0.5672489404678345, 0.5663208365440369, 0.5630233287811279, 0.5595134496688843, 0.5612284541130066, 0.562240481376648, 0.556052565574646, 0.5443006753921509, 0.5422702431678772, 0.5493708252906799, 0.563941478729248, 0.5636804699897766, 0.5507543087005615, 0.5429973602294922, 0.5401923656463623, 0.5370973348617554, 0.5326120257377625, 0.5351073145866394, 0.5367305278778076, 0.5398567914962769, 0.549912691116333, 0.553617000579834, 0.5456490516662598, 0.5391586422920227, 0.5365009903907776, 0.53611159324646, 0.5256137251853943, 0.5242498517036438, 0.5250952243804932, 0.5303539633750916, 0.5344887971878052, 0.5308905839920044, 0.5229543447494507, 0.5209798216819763, 0.5215669274330139, 0.5210397839546204, 0.5237009525299072, 0.5294073820114136, 0.5311949253082275, 0.5256620645523071, 0.5189337134361267, 0.5182283520698547, 0.517195463180542, 0.5109615325927734, 0.5084751844406128, 0.509873628616333, 0.516420841217041, 0.5183611512184143, 0.5175204873085022, 0.5171390175819397, 0.5182043313980103, 0.515949010848999, 0.5104191899299622, 0.5120915770530701, 0.5202775597572327, 0.5189417600631714, 0.5087494254112244, 0.5060916543006897, 0.5111293792724609, 0.5094416737556458, 0.509648859500885, 0.5119051933288574, 0.5121002793312073, 0.5112927556037903, 0.5101030468940735, 0.5080687999725342, 0.5066682696342468, 0.509406328201294, 0.503523588180542, 0.5047364830970764, 0.510418713092804, 0.5155288577079773, 0.5150223970413208, 0.50710129737854, 0.5105695128440857, 0.5091109275817871, 0.5006977319717407, 0.49966317415237427, 0.5006797909736633, 0.5047855377197266, 0.503620982170105, 0.5001375079154968, 0.5015977621078491, 0.5038357377052307, 0.5076159238815308, 0.5035493969917297, 0.49986663460731506, 0.503394603729248, 0.5148402452468872, 0.5131908655166626, 0.5048726797103882, 0.4969894289970398, 0.49877333641052246, 0.5022527575492859, 0.5071556568145752, 0.5094578266143799, 0.5097071528434753, 0.504196286201477, 0.49690893292427063, 0.5014758110046387, 0.5080200433731079, 0.5043004155158997, 0.4955085217952728, 0.4970836341381073, 0.5031151175498962, 0.5077608823776245, 0.5046666860580444, 0.5004394054412842, 0.5051358938217163, 0.4965530037879944, 0.49365174770355225, 0.5022974610328674, 0.5015162825584412, 0.49493998289108276, 0.49742379784584045, 0.502989649772644, 0.4986337125301361, 0.49532589316368103, 0.4979931712150574, 0.5079740881919861, 0.5052513480186462, 0.49635306000709534, 0.4989992082118988, 0.5026638507843018, 0.4989125430583954, 0.4971751570701599, 0.5042856335639954, 0.5021951794624329, 0.49988844990730286, 0.5048251152038574, 0.5109158754348755, 0.5015140771865845, 0.49105873703956604, 0.49287426471710205, 0.50189208984375, 0.513158917427063, 0.5071924924850464, 0.49241355061531067, 0.4888485074043274, 0.49787792563438416, 0.5029602646827698, 0.49784788489341736, 0.4923391044139862, 0.4974198043346405, 0.5041323304176331, 0.5044417977333069, 0.5006706118583679, 0.49144625663757324, 0.49039751291275024, 0.4977800250053406, 0.505717396736145, 0.5014699697494507, 0.500298261642456, 0.5014882683753967, 0.5019327402114868, 0.497074693441391, 0.4950449466705322, 0.5001140236854553, 0.501001238822937, 0.4994228184223175, 0.5030320286750793, 0.49932658672332764, 0.4940287470817566, 0.49680840969085693, 0.5024367570877075, 0.5016568303108215, 0.5048593282699585, 0.5060902237892151, 0.49647659063339233, 0.49342265725135803, 0.5000590682029724, 0.5099462270736694, 0.5036553144454956, 0.5018433928489685, 0.5088931918144226, 0.5020282864570618, 0.4914553463459015, 0.4925227761268616, 0.499536395072937, 0.5096087455749512, 0.5096128582954407, 0.5036735534667969, 0.5033495426177979, 0.5041870474815369, 0.49668341875076294, 0.4929242432117462, 0.49305424094200134, 0.49997082352638245, 0.5087302327156067, 0.5065275430679321, 0.4991303086280823, 0.5011321902275085, 0.5020895600318909, 0.5017704367637634, 0.4994112551212311, 0.504734218120575, 0.515286386013031, 0.5145079493522644, 0.4992644488811493, 0.4992143213748932, 0.5072028636932373, 0.5136572122573853, 0.5054787993431091, 0.5025117993354797, 0.5040670037269592, 0.5084154009819031, 0.5016663074493408, 0.49618056416511536, 0.5019278526306152, 0.5142752528190613, 0.512556791305542, 0.4986591935157776, 0.5002447962760925, 0.5079105496406555, 0.5161009430885315, 0.5109460949897766, 0.49941661953926086]

