Name : 2024.09.04.14.38.33
Type : mo_asy

Batch size : 1000
Epochs : 200
Validation split : 0.2
Feats : 12
Res list : ['er_idf']
Train size : 49
Val size : 25
Test size : 25

Test root_mean_squared_error : 0.7005945444107056
Test loss : 0.4877070486545563

Summary :

Model: "functional"
+--------------------------------------------------------------------------------------+
| Layer (type)                         | Output Shape                |         Param # |
|--------------------------------------+-----------------------------+-----------------|
| input_layer (InputLayer)             | (None, 12)                  |               0 |
|--------------------------------------+-----------------------------+-----------------|
| batch_normalization                  | (None, 12)                  |              48 |
| (BatchNormalization)                 |                             |                 |
|--------------------------------------+-----------------------------+-----------------|
| dense (Dense)                        | (None, 50)                  |             650 |
|--------------------------------------+-----------------------------+-----------------|
| dense_1 (Dense)                      | (None, 50)                  |           2,550 |
|--------------------------------------+-----------------------------+-----------------|
| dense_2 (Dense)                      | (None, 50)                  |           2,550 |
|--------------------------------------+-----------------------------+-----------------|
| er_idf (Dense)                       | (None, 1)                   |              51 |
+--------------------------------------------------------------------------------------+
 Total params: 17,501 (68.37 KB)
 Trainable params: 5,825 (22.75 KB)
 Non-trainable params: 24 (96.00 B)
 Optimizer params: 11,652 (45.52 KB)

root_mean_squared_error : [7.502449989318848, 7.517579555511475, 7.536135673522949, 7.549161911010742, 7.553189277648926, 7.561750888824463, 7.571457386016846, 7.5815749168396, 7.586117744445801, 7.586502552032471, 7.571073055267334, 7.542433261871338, 7.507214546203613, 7.46628475189209, 7.422642707824707, 7.373386859893799, 7.322094440460205, 7.2687554359436035, 7.21338415145874, 7.156018257141113, 7.090918064117432, 7.018782138824463, 6.94017219543457, 6.851207733154297, 6.7583136558532715, 6.661394119262695, 6.556766033172607, 6.444865703582764, 6.326193809509277, 6.209249973297119, 6.093398094177246, 5.978141784667969, 5.868110179901123, 5.748871326446533, 5.615243911743164, 5.468072891235352, 5.302103042602539, 5.123720645904541, 4.930399417877197, 4.7419304847717285, 4.556987285614014, 4.375160217285156, 4.184582710266113, 3.975536823272705, 3.7501330375671387, 3.5130724906921387, 3.269146203994751, 3.041598320007324, 2.8379011154174805, 2.6331706047058105, 2.4419939517974854, 2.2666449546813965, 2.089883327484131, 1.9311732053756714, 1.8206592798233032, 1.774078130722046, 1.750985026359558, 1.7278443574905396, 1.6929800510406494, 1.6479638814926147, 1.5995203256607056, 1.5566359758377075, 1.5321515798568726, 1.5282187461853027, 1.5184675455093384, 1.4867219924926758, 1.459470272064209, 1.4368151426315308, 1.4205400943756104, 1.4033753871917725, 1.3842540979385376, 1.3469959497451782, 1.3055214881896973, 1.2549811601638794, 1.1989682912826538, 1.1572002172470093, 1.1199275255203247, 1.0636173486709595, 0.9971822500228882, 0.950043797492981, 0.9169361591339111, 0.8929187059402466, 0.8522270321846008, 0.8242354393005371, 0.8003231883049011, 0.7883226275444031, 0.7835438847541809, 0.8026584386825562, 0.7998601198196411, 0.7704352140426636, 0.7612740993499756, 0.7799578309059143, 0.8098369836807251, 0.8069636821746826, 0.7708873748779297, 0.7496467232704163, 0.7600615620613098, 0.7509059309959412, 0.7380998730659485, 0.7085855007171631, 0.6889466047286987, 0.709028422832489, 0.7076371908187866, 0.715164840221405, 0.7274088859558105, 0.7310131788253784, 0.727534830570221, 0.7136703133583069, 0.7178388237953186, 0.7388473153114319, 0.7313790321350098, 0.7056649923324585, 0.6861394047737122, 0.6858494281768799, 0.7182583808898926, 0.730375349521637, 0.7041585445404053, 0.7041606307029724, 0.7216941118240356, 0.7602241635322571, 0.7536492347717285, 0.7084253430366516, 0.6898069381713867, 0.6852227449417114, 0.6878936290740967, 0.7089414596557617, 0.7118442058563232, 0.6964802742004395, 0.6916460394859314, 0.6988260746002197, 0.7173477411270142, 0.7164313793182373, 0.6847656965255737, 0.6543803811073303, 0.646710216999054, 0.6542066335678101, 0.6613630056381226, 0.6584128141403198, 0.6609621644020081, 0.6806041598320007, 0.6738535761833191, 0.6623401641845703, 0.655186653137207, 0.6669816374778748, 0.6675366759300232, 0.6448614001274109, 0.6448126435279846, 0.6539662480354309, 0.6503430604934692, 0.6345847249031067, 0.6263430714607239, 0.6376946568489075, 0.6566095352172852, 0.6472846865653992, 0.6439301371574402, 0.6526874303817749, 0.6544325947761536, 0.6466068625450134, 0.6277711391448975, 0.6325534582138062, 0.6296541690826416, 0.6256392002105713, 0.6242914199829102, 0.6365166902542114, 0.6493964791297913, 0.6260613799095154, 0.6132485866546631, 0.6188001036643982, 0.6347302198410034, 0.6072162389755249, 0.5921506285667419, 0.5928734540939331, 0.6168204545974731, 0.6310078501701355, 0.6000158786773682, 0.5884442925453186, 0.5889028310775757, 0.5861352682113647, 0.5809156894683838, 0.5784428119659424, 0.5950785279273987, 0.6103097200393677, 0.6006072759628296, 0.5845543146133423, 0.5838860273361206, 0.5890986323356628, 0.5826225280761719, 0.5739142894744873, 0.5800617933273315, 0.5923071503639221, 0.5813534259796143, 0.5685952305793762, 0.5624269247055054, 0.5642733573913574, 0.5657743215560913, 0.5626539587974548, 0.571828305721283, 0.5805859565734863, 0.5673843026161194, 0.5572906732559204]

Loss : [4.812520980834961, 4.743231773376465, 4.684896469116211, 4.638664245605469, 4.604801177978516, 4.568212509155273, 4.528087615966797, 4.485785961151123, 4.443755626678467, 4.4048309326171875, 4.372829437255859, 4.33999490737915, 4.309248924255371, 4.280187606811523, 4.252391338348389, 4.224977970123291, 4.19520902633667, 4.162113189697266, 4.125857830047607, 4.086857318878174, 4.045247554779053, 4.000321388244629, 3.953697919845581, 3.906068801879883, 3.856050729751587, 3.804628372192383, 3.749011278152466, 3.6889426708221436, 3.628117084503174, 3.564082622528076, 3.4949707984924316, 3.4207823276519775, 3.3412537574768066, 3.2607338428497314, 3.176255941390991, 3.0859546661376953, 2.989865303039551, 2.888392925262451, 2.7829020023345947, 2.671513080596924, 2.5493762493133545, 2.418654441833496, 2.2855191230773926, 2.142833948135376, 2.0053982734680176, 1.8637018203735352, 1.7209511995315552, 1.6019750833511353, 1.4802395105361938, 1.3599035739898682, 1.248970627784729, 1.1937295198440552, 1.152016043663025, 1.101944923400879, 1.0861676931381226, 1.0831513404846191, 1.1166428327560425, 1.1346522569656372, 1.1272639036178589, 1.0951106548309326, 1.0487326383590698, 1.002785563468933, 0.9312581419944763, 0.8702883124351501, 0.8339296579360962, 0.7988916635513306, 0.7681996822357178, 0.7583363056182861, 0.7515220642089844, 0.7371563911437988, 0.7162045836448669, 0.6954131126403809, 0.6704317331314087, 0.636570394039154, 0.5999836325645447, 0.5746335983276367, 0.5563317537307739, 0.5382223129272461, 0.5359113216400146, 0.5107317566871643, 0.48685458302497864, 0.48998361825942993, 0.4650471806526184, 0.4603128135204315, 0.44228264689445496, 0.44327136874198914, 0.41550663113594055, 0.41554704308509827, 0.3907954692840576, 0.41727524995803833, 0.40863123536109924, 0.3920519948005676, 0.4031083881855011, 0.3931363523006439, 0.39627495408058167, 0.3952069580554962, 0.41021689772605896, 0.36964431405067444, 0.3885301351547241, 0.3804778754711151, 0.3644971251487732, 0.3935251533985138, 0.36118167638778687, 0.37283310294151306, 0.3769594430923462, 0.3506689965724945, 0.3474041819572449, 0.34349045157432556, 0.34397828578948975, 0.34702590107917786, 0.34453311562538147, 0.35697469115257263, 0.35945501923561096, 0.3489382863044739, 0.3372339606285095, 0.3369385004043579, 0.3186874985694885, 0.33958765864372253, 0.3202696442604065, 0.3463498055934906, 0.3451133966445923, 0.3211604952812195, 0.31688037514686584, 0.3228857219219208, 0.3057669401168823, 0.3291744291782379, 0.31305819749832153, 0.3121904134750366, 0.31886133551597595, 0.30373600125312805, 0.3120023012161255, 0.3088289499282837, 0.29611116647720337, 0.30077317357063293, 0.30220264196395874, 0.29878872632980347, 0.2941945791244507, 0.2969984710216522, 0.28958189487457275, 0.2921965420246124, 0.28893959522247314, 0.28098952770233154, 0.28275108337402344, 0.28541600704193115, 0.28080499172210693, 0.2912992835044861, 0.28788241744041443, 0.2807985842227936, 0.28033772110939026, 0.28669869899749756, 0.28767722845077515, 0.2800147533416748, 0.28555017709732056, 0.2757120728492737, 0.2728765606880188, 0.27382931113243103, 0.2666759192943573, 0.28541916608810425, 0.26608288288116455, 0.2844844162464142, 0.27666643261909485, 0.2823728322982788, 0.26398965716362, 0.285848468542099, 0.2812475562095642, 0.2865206003189087, 0.28662848472595215, 0.2622334957122803, 0.2854563593864441, 0.26415935158729553, 0.27021414041519165, 0.26119643449783325, 0.273752361536026, 0.27522796392440796, 0.2616286277770996, 0.26068606972694397, 0.2658751308917999, 0.26415151357650757, 0.2615262269973755, 0.2550143897533417, 0.2519690692424774, 0.25742876529693604, 0.25515076518058777, 0.2537314295768738, 0.2523719370365143, 0.25304314494132996, 0.25147920846939087, 0.2497318983078003, 0.2461473047733307, 0.2437012493610382, 0.2414846569299698, 0.24328529834747314, 0.23936337232589722, 0.25037357211112976, 0.2393900603055954, 0.23921184241771698, 0.24611103534698486, 0.2427426427602768, 0.24423788487911224, 0.23229314386844635]

Validation root_mean_squared_error : [7.921823978424072, 7.955256462097168, 7.980154037475586, 7.99161958694458, 8.00735092163086, 8.023799896240234, 8.040440559387207, 8.050177574157715, 8.054886817932129, 8.040969848632812, 8.011238098144531, 7.974435329437256, 7.931396961212158, 7.88668966293335, 7.836852550506592, 7.786808013916016, 7.736305236816406, 7.685198783874512, 7.633420944213867, 7.573040008544922, 7.504902362823486, 7.429686546325684, 7.341947078704834, 7.25052547454834, 7.155313968658447, 7.050447463989258, 6.936356544494629, 6.813509941101074, 6.694479465484619, 6.578723907470703, 6.465840816497803, 6.363412857055664, 6.253245830535889, 6.1269731521606445, 5.985469818115234, 5.821050643920898, 5.641003608703613, 5.441661357879639, 5.250074863433838, 5.064956188201904, 4.885610103607178, 4.696932792663574, 4.486205577850342, 4.254269123077393, 4.001979827880859, 3.7334144115448, 3.4871826171875, 3.2829642295837402, 3.0779666900634766, 2.8948495388031006, 2.7217066287994385, 2.5093605518341064, 2.276155471801758, 2.0683107376098633, 1.9486840963363647, 1.8879426717758179, 1.868356466293335, 1.8568726778030396, 1.8435323238372803, 1.8223025798797607, 1.8070487976074219, 1.8000236749649048, 1.8273319005966187, 1.8717670440673828, 1.9077717065811157, 1.9340507984161377, 1.9454002380371094, 1.9628244638442993, 1.9719305038452148, 1.97590970993042, 1.9394387006759644, 1.9059573411941528, 1.8728538751602173, 1.8419467210769653, 1.8398644924163818, 1.818108081817627, 1.7456272840499878, 1.6754976511001587, 1.653082013130188, 1.6623936891555786, 1.6692039966583252, 1.604010820388794, 1.5316451787948608, 1.5215630531311035, 1.520281195640564, 1.5181397199630737, 1.5221658945083618, 1.5509440898895264, 1.5450202226638794, 1.5041444301605225, 1.4564605951309204, 1.4694936275482178, 1.5197635889053345, 1.4880110025405884, 1.4125211238861084, 1.3916175365447998, 1.4184380769729614, 1.4537655115127563, 1.432866096496582, 1.3816120624542236, 1.377758502960205, 1.4183430671691895, 1.4679491519927979, 1.4788081645965576, 1.4471255540847778, 1.3884333372116089, 1.3620917797088623, 1.384487271308899, 1.3919379711151123, 1.3394808769226074, 1.2947875261306763, 1.2897664308547974, 1.3179391622543335, 1.3622907400131226, 1.3637642860412598, 1.333184003829956, 1.325655460357666, 1.362862467765808, 1.400883674621582, 1.4104199409484863, 1.3615299463272095, 1.3062775135040283, 1.2835185527801514, 1.3028340339660645, 1.3336368799209595, 1.3182810544967651, 1.2672393321990967, 1.250916838645935, 1.2669135332107544, 1.3016624450683594, 1.3012653589248657, 1.2688450813293457, 1.25214684009552, 1.2510236501693726, 1.2399975061416626, 1.2471222877502441, 1.2497780323028564, 1.2300776243209839, 1.2485389709472656, 1.252049446105957, 1.2191262245178223, 1.2008339166641235, 1.2066980600357056, 1.1987775564193726, 1.1860960721969604, 1.2035373449325562, 1.2054619789123535, 1.1993391513824463, 1.1918928623199463, 1.1616572141647339, 1.1587961912155151, 1.180210828781128, 1.1809860467910767, 1.1611436605453491, 1.1479759216308594, 1.1565167903900146, 1.1618438959121704, 1.133915901184082, 1.1295987367630005, 1.1395573616027832, 1.1521809101104736, 1.136061429977417, 1.1099852323532104, 1.1236399412155151, 1.1138211488723755, 1.096304178237915, 1.089606761932373, 1.097955584526062, 1.08665132522583, 1.0825793743133545, 1.0795421600341797, 1.094198226928711, 1.1150507926940918, 1.0984582901000977, 1.0847736597061157, 1.0692038536071777, 1.0646772384643555, 1.0650328397750854, 1.0520803928375244, 1.0617146492004395, 1.0813689231872559, 1.07054603099823, 1.0429272651672363, 1.0380641222000122, 1.057124137878418, 1.0459619760513306, 1.0146199464797974, 1.0145763158798218, 1.0367380380630493, 1.0272226333618164, 1.0052056312561035, 1.0037425756454468, 1.0197073221206665, 1.006652593612671, 0.995738685131073, 1.0071467161178589, 1.0006976127624512, 0.9717355370521545, 0.9714882373809814, 0.9738638997077942]

Validation loss : [5.1731038093566895, 5.09835958480835, 5.036211967468262, 4.993193626403809, 4.959436893463135, 4.932251453399658, 4.915410995483398, 4.901177883148193, 4.891826629638672, 4.886959552764893, 4.880694389343262, 4.87258768081665, 4.862790107727051, 4.849492073059082, 4.8327555656433105, 4.810597896575928, 4.783486843109131, 4.751749038696289, 4.715616226196289, 4.673930644989014, 4.6269941329956055, 4.5750041007995605, 4.520299434661865, 4.4638895988464355, 4.405543327331543, 4.347615718841553, 4.289766311645508, 4.231692314147949, 4.170318126678467, 4.105347633361816, 4.036468029022217, 3.960172176361084, 3.8728573322296143, 3.777545690536499, 3.681232213973999, 3.5754220485687256, 3.463451862335205, 3.3459198474884033, 3.2275521755218506, 3.107647180557251, 2.9855616092681885, 2.854092597961426, 2.715930223464966, 2.5631299018859863, 2.3967325687408447, 2.2179229259490967, 2.033900499343872, 1.8579766750335693, 1.6971250772476196, 1.5891727209091187, 1.514519214630127, 1.4388275146484375, 1.312273383140564, 1.2266744375228882, 1.1715859174728394, 1.129688024520874, 1.141984224319458, 1.1584092378616333, 1.1602659225463867, 1.1433700323104858, 1.112874150276184, 1.059261441230774, 1.03573477268219, 1.032947063446045, 1.0461193323135376, 1.0676159858703613, 1.1029950380325317, 1.1418843269348145, 1.161007046699524, 1.156814455986023, 1.145629644393921, 1.132474660873413, 1.1262974739074707, 1.133849024772644, 1.140486717224121, 1.1254743337631226, 1.0895929336547852, 1.0755853652954102, 1.058740496635437, 1.052856683731079, 1.074867606163025, 1.0151879787445068, 0.9628164768218994, 0.9754913449287415, 0.9908916354179382, 0.9862461686134338, 0.9713624715805054, 0.9842235445976257, 0.9933040738105774, 0.9666776061058044, 0.9058922529220581, 0.910236656665802, 0.9607938528060913, 0.9420217275619507, 0.8866904973983765, 0.8679643273353577, 0.8902029395103455, 0.9505990743637085, 0.9357707500457764, 0.8855836987495422, 0.8626393675804138, 0.8846133947372437, 0.9187055826187134, 0.930427610874176, 0.8937675952911377, 0.8573063611984253, 0.8475749492645264, 0.8694717288017273, 0.883653461933136, 0.831825315952301, 0.7932803630828857, 0.7974434494972229, 0.8286935687065125, 0.8725021481513977, 0.8610507249832153, 0.8263813853263855, 0.8208414316177368, 0.8438177704811096, 0.8640719652175903, 0.88724684715271, 0.8578859567642212, 0.8213989734649658, 0.8054440021514893, 0.8263404369354248, 0.8626362085342407, 0.832601010799408, 0.770200252532959, 0.7581827044487, 0.7646734118461609, 0.7937324643135071, 0.7979439496994019, 0.7785481214523315, 0.782991886138916, 0.796180009841919, 0.7916755080223083, 0.7981755137443542, 0.8001850843429565, 0.7652804851531982, 0.7696500420570374, 0.7750591039657593, 0.7481292486190796, 0.7402931451797485, 0.7567465901374817, 0.7446175217628479, 0.7334660887718201, 0.7472008466720581, 0.7477408647537231, 0.7448907494544983, 0.7509531378746033, 0.7283986806869507, 0.7209142446517944, 0.736712634563446, 0.7367343306541443, 0.7153447866439819, 0.7088987827301025, 0.7127290964126587, 0.7298977375030518, 0.7045057415962219, 0.7017397284507751, 0.7124196887016296, 0.7321683764457703, 0.7125204205513, 0.6977360248565674, 0.7076589465141296, 0.70381760597229, 0.6888502240180969, 0.6807417273521423, 0.693223774433136, 0.6817833185195923, 0.6808972358703613, 0.6747051477432251, 0.6863101124763489, 0.7013885974884033, 0.6928901076316833, 0.6878975629806519, 0.6784341335296631, 0.6783170104026794, 0.6851664781570435, 0.6613802313804626, 0.6606900691986084, 0.6731013655662537, 0.662350058555603, 0.6486900448799133, 0.6502348184585571, 0.6744476556777954, 0.6681850552558899, 0.6413095593452454, 0.6371235847473145, 0.655107855796814, 0.6479042768478394, 0.6302759647369385, 0.6338403224945068, 0.6569545865058899, 0.6439028978347778, 0.6397351026535034, 0.6498922109603882, 0.6414836049079895, 0.6208932995796204, 0.6202532052993774, 0.6260026097297668]

