Name : 2024.09.04.18.50.52
Type : mo_asy

Batch size : 1000
Epochs : 300
Validation split : 0.2
Feats : 12
Res list : ['er_idf']
Train size : 49
Val size : 25
Test size : 25
Split type : dep
Additional info : [['92', '75', '9293', '9394'], ['93', '7594'], ['94', '7592']]

Test root_mean_squared_error : 0.5139924883842468
Test loss : 0.381623774766922

Test root_mean_squared_error normalized : -0.10934964483036679Summary :

Model: "functional_84"
+--------------------------------------------------------------------------------------+
| Layer (type)                         | Output Shape                |         Param # |
|--------------------------------------+-----------------------------+-----------------|
| input_layer_84 (InputLayer)          | (None, 12)                  |               0 |
|--------------------------------------+-----------------------------+-----------------|
| dense_252 (Dense)                    | (None, 512)                 |           6,656 |
|--------------------------------------+-----------------------------+-----------------|
| dense_253 (Dense)                    | (None, 256)                 |         131,328 |
|--------------------------------------+-----------------------------+-----------------|
| dense_254 (Dense)                    | (None, 128)                 |          32,896 |
|--------------------------------------+-----------------------------+-----------------|
| er_idf (Dense)                       | (None, 1)                   |             129 |
+--------------------------------------------------------------------------------------+
 Total params: 513,029 (1.96 MB)
 Trainable params: 171,009 (668.00 KB)
 Non-trainable params: 0 (0.00 B)
 Optimizer params: 342,020 (1.30 MB)

root_mean_squared_error : [7.531744956970215, 8.050756454467773, 7.79069185256958, 7.194220066070557, 6.647704601287842, 6.196593284606934, 5.8305182456970215, 5.370462894439697, 4.796769142150879, 4.311977386474609, 3.8907055854797363, 3.5741677284240723, 3.2990927696228027, 3.1228652000427246, 3.0254180431365967, 2.954730272293091, 2.6524288654327393, 2.4085936546325684, 2.133495569229126, 1.7444838285446167, 1.5601377487182617, 1.3000082969665527, 1.1820502281188965, 1.1230366230010986, 1.2815731763839722, 1.3473708629608154, 1.0777699947357178, 1.1291407346725464, 1.1657297611236572, 1.0663959980010986, 1.1827558279037476, 1.0802878141403198, 1.025079369544983, 1.0633671283721924, 1.0564321279525757, 0.9012756943702698, 1.0133365392684937, 1.0806152820587158, 0.9439025521278381, 0.8286135792732239, 0.7903139591217041, 0.6933883428573608, 0.693834662437439, 0.7122849225997925, 0.6827383637428284, 0.6966246366500854, 0.742355465888977, 0.8022067546844482, 0.7897968292236328, 0.7697165608406067, 0.7319616675376892, 0.7032854557037354, 0.6610956788063049, 0.6308156847953796, 0.6419621706008911, 0.6338762640953064, 0.5931769609451294, 0.6272478103637695, 0.6225470304489136, 0.6365094780921936, 0.623622477054596, 0.6533265709877014, 0.6107801198959351, 0.6223310828208923, 0.6277083158493042, 0.6535676717758179, 0.589223325252533, 0.569984495639801, 0.6209527850151062, 0.6350187659263611, 0.5720529556274414, 0.5205870866775513, 0.5455666780471802, 0.5336178541183472, 0.539038360118866, 0.5258386135101318, 0.6456519365310669, 0.5550013184547424, 0.5130071640014648, 0.4878755807876587, 0.5226888060569763, 0.5174349546432495, 0.5017567276954651, 0.5057909488677979, 0.53643399477005, 0.4857000708580017, 0.49736031889915466, 0.47601717710494995, 0.5600406527519226, 0.4968471825122833, 0.5162349343299866, 0.4656611680984497, 0.5409332513809204, 0.5305585265159607, 0.49088919162750244, 0.499411016702652, 0.4470312297344208, 0.5676104426383972, 0.4393952786922455, 0.5242196321487427, 0.4380139708518982, 0.6258694529533386, 0.5455915331840515, 0.4658235013484955, 0.46031391620635986, 0.4923784136772156, 0.531180739402771, 0.41536471247673035, 0.4424162209033966, 0.3976089060306549, 0.5366896986961365, 0.431128591299057, 0.5054429173469543, 0.4522492289543152, 0.5026434063911438, 0.48351743817329407, 0.4078409969806671, 0.4492179751396179, 0.3896619975566864, 0.4264041781425476, 0.44381168484687805, 0.3890937268733978, 0.44125857949256897, 0.4203040897846222, 0.42165860533714294, 0.38272956013679504, 0.4842270314693451, 0.3921735882759094, 0.3600521683692932, 0.41535496711730957, 0.39751341938972473, 0.3898789584636688, 0.42830437421798706, 0.43057680130004883, 0.3742050230503082, 0.44121915102005005, 0.3821868896484375, 0.37871789932250977, 0.4051806330680847, 0.44106194376945496, 0.4407855272293091, 0.361117422580719, 0.4235769808292389, 0.3848804831504822, 0.4934711158275604, 0.47638195753097534, 0.37298455834388733, 0.4208918511867523, 0.36242690682411194, 0.3525083661079407, 0.40099966526031494, 0.39752495288848877, 0.3965129554271698, 0.38133862614631653, 0.3776971995830536, 0.45844021439552307, 0.3395230770111084, 0.42926159501075745, 0.3442080020904541, 0.34105685353279114, 0.3669329285621643, 0.3177148401737213, 0.3487188518047333, 0.3639238476753235, 0.34537792205810547, 0.3695537745952606, 0.35734793543815613, 0.3694695830345154, 0.3365396559238434, 0.40420666337013245, 0.3691270053386688, 0.4652087390422821, 0.3509836196899414, 0.40447932481765747, 0.36975789070129395, 0.33831286430358887, 0.34431442618370056, 0.30842116475105286, 0.40438413619995117, 0.3243999183177948, 0.3604617416858673, 0.3269321620464325, 0.2972196936607361, 0.3450191915035248, 0.35345494747161865, 0.37486469745635986, 0.285703182220459, 0.3818899095058441, 0.3089207112789154, 0.368893563747406, 0.3728817105293274, 0.36131078004837036, 0.2804255187511444, 0.4128612279891968, 0.4561700224876404, 0.33059513568878174, 0.4554974138736725, 0.3311467468738556, 0.47647958993911743, 0.3696422278881073, 0.3981049656867981, 0.39176177978515625, 0.31620603799819946, 0.2963311970233917, 0.3249414563179016, 0.3505818545818329, 0.3351694941520691, 0.3425898551940918, 0.29088646173477173, 0.291900634765625, 0.3002359867095947, 0.2940141260623932, 0.2626107633113861, 0.28262579441070557, 0.2913631796836853, 0.371107280254364, 0.28853029012680054, 0.2986956238746643, 0.30135080218315125, 0.2743091285228729, 0.29813897609710693, 0.2593717575073242, 0.3788422644138336, 0.2502661943435669, 0.37759727239608765, 0.3105688989162445, 0.35813719034194946, 0.33040720224380493, 0.34248411655426025, 0.37590479850769043, 0.2737031877040863, 0.44183844327926636, 0.3076147735118866, 0.4313257336616516, 0.4089909791946411, 0.32522615790367126, 0.29645687341690063, 0.3353148102760315, 0.3226127028465271, 0.3036523759365082, 0.2442101538181305, 0.33131664991378784, 0.25389564037323, 0.33669736981391907, 0.22936592996120453, 0.2883071303367615, 0.23280559480190277, 0.3084273338317871, 0.23503026366233826, 0.24565006792545319, 0.23774568736553192, 0.26531893014907837, 0.22110022604465485, 0.23082876205444336, 0.2660216689109802, 0.24954934418201447, 0.24088546633720398, 0.21565724909305573, 0.2486957609653473, 0.23482617735862732, 0.2303496152162552, 0.2683408558368683, 0.2494078427553177, 0.22800135612487793, 0.22738635540008545, 0.21342960000038147, 0.21795326471328735, 0.23466143012046814, 0.2281084954738617, 0.29622501134872437, 0.21268393099308014, 0.26393118500709534, 0.328219473361969, 0.28741076588630676, 0.3936583697795868, 0.3362484872341156, 0.35634779930114746, 0.3015511929988861, 0.39804038405418396, 0.2651674449443817, 0.5116594433784485, 0.5101691484451294, 0.3165743350982666, 0.49824023246765137, 0.34092292189598083, 0.4136505126953125, 0.41326597332954407, 0.26744022965431213, 0.4092206060886383, 0.35092464089393616, 0.284799188375473, 0.3576606810092926, 0.33084341883659363, 0.3619944453239441, 0.31097376346588135, 0.3083420395851135, 0.31106850504875183, 0.2937026917934418, 0.3722241222858429, 0.2123357504606247]

Loss : [4.761168003082275, 4.605313777923584, 4.411200523376465, 4.278797626495361, 4.163697719573975, 3.994208812713623, 3.8117194175720215, 3.6443734169006348, 3.439622640609741, 3.198193073272705, 2.9277241230010986, 2.672818660736084, 2.3781657218933105, 2.252340316772461, 2.0868232250213623, 2.1099679470062256, 1.9148924350738525, 1.7818756103515625, 1.595893383026123, 1.2761878967285156, 1.1720818281173706, 0.9785075187683105, 0.9406688213348389, 0.8591029644012451, 0.8865158557891846, 0.8974754810333252, 0.7057390809059143, 0.7865776419639587, 0.8045461177825928, 0.7733561396598816, 0.9558606743812561, 0.8217692375183105, 0.7597404718399048, 0.7293703556060791, 0.7222259640693665, 0.6119871139526367, 0.6314343214035034, 0.6764717698097229, 0.5669398903846741, 0.5703480243682861, 0.5721550583839417, 0.49295541644096375, 0.5376394987106323, 0.5739464163780212, 0.5250192880630493, 0.49972644448280334, 0.49976831674575806, 0.5130093097686768, 0.489117830991745, 0.4776362180709839, 0.45121726393699646, 0.43196988105773926, 0.4119810461997986, 0.42557215690612793, 0.41584476828575134, 0.41151127219200134, 0.411984920501709, 0.43730148673057556, 0.4392927587032318, 0.4145370125770569, 0.3860532343387604, 0.47298020124435425, 0.42233210802078247, 0.4095529317855835, 0.4041028618812561, 0.42455726861953735, 0.3723806142807007, 0.4099343717098236, 0.4174274206161499, 0.41336172819137573, 0.4044313132762909, 0.36510607600212097, 0.4212157130241394, 0.3531174063682556, 0.36618080735206604, 0.36958029866218567, 0.39542144536972046, 0.32612696290016174, 0.38001134991645813, 0.35199835896492004, 0.3630880117416382, 0.35527724027633667, 0.3632274270057678, 0.3602217137813568, 0.34414127469062805, 0.3161899447441101, 0.35349583625793457, 0.3178190588951111, 0.3835911750793457, 0.3185528516769409, 0.3879967927932739, 0.32700029015541077, 0.39475998282432556, 0.3598962426185608, 0.35736367106437683, 0.3744104206562042, 0.2722990810871124, 0.36720195412635803, 0.3030770719051361, 0.3959216773509979, 0.32663294672966003, 0.43933039903640747, 0.33859559893608093, 0.3356832265853882, 0.3478924036026001, 0.3153495490550995, 0.3347015380859375, 0.28959012031555176, 0.3330931067466736, 0.26501327753067017, 0.3811004161834717, 0.2956957519054413, 0.40477243065834045, 0.34260275959968567, 0.3071489632129669, 0.32896363735198975, 0.3012964427471161, 0.3335723578929901, 0.2988128364086151, 0.3087463676929474, 0.31283363699913025, 0.271392285823822, 0.30440279841423035, 0.25641724467277527, 0.2995285391807556, 0.25740548968315125, 0.32767602801322937, 0.24166998267173767, 0.23183071613311768, 0.2569841742515564, 0.25711196660995483, 0.26307281851768494, 0.24316126108169556, 0.291532039642334, 0.2661280632019043, 0.31838440895080566, 0.27296629548072815, 0.28830307722091675, 0.3116408884525299, 0.27675098180770874, 0.3122922480106354, 0.2633541226387024, 0.3348783850669861, 0.26218143105506897, 0.3746495544910431, 0.3727231025695801, 0.24670055508613586, 0.28779274225234985, 0.27139559388160706, 0.2622184455394745, 0.29305315017700195, 0.25918149948120117, 0.31837692856788635, 0.3021753132343292, 0.26058176159858704, 0.3241156339645386, 0.2493400126695633, 0.3194359242916107, 0.2518566846847534, 0.24092304706573486, 0.2556992173194885, 0.22858434915542603, 0.2455449402332306, 0.2301996946334839, 0.27417197823524475, 0.2968713939189911, 0.28334346413612366, 0.2771536111831665, 0.2643357515335083, 0.3243911862373352, 0.28248482942581177, 0.3114260733127594, 0.27016741037368774, 0.32242318987846375, 0.31067317724227905, 0.2670932114124298, 0.26529785990715027, 0.22971059381961823, 0.296121746301651, 0.2115156650543213, 0.2630375921726227, 0.2598811089992523, 0.2371453195810318, 0.2797609567642212, 0.2791220247745514, 0.2639100253582001, 0.20521123707294464, 0.30944815278053284, 0.21708881855010986, 0.2805497646331787, 0.2876416742801666, 0.29626449942588806, 0.22385355830192566, 0.3196360468864441, 0.3519728183746338, 0.24536514282226562, 0.35080263018608093, 0.26691168546676636, 0.3466385304927826, 0.260140985250473, 0.3033479154109955, 0.29416102170944214, 0.25278016924858093, 0.23352870345115662, 0.26729732751846313, 0.2757817804813385, 0.2485717535018921, 0.2625367045402527, 0.2267998605966568, 0.2351732850074768, 0.23488496243953705, 0.22325575351715088, 0.203394815325737, 0.21841520071029663, 0.21275849640369415, 0.2599559426307678, 0.23302562534809113, 0.23837794363498688, 0.22453182935714722, 0.21503156423568726, 0.24848836660385132, 0.2110673040151596, 0.29776251316070557, 0.19280211627483368, 0.320234090089798, 0.2616654336452484, 0.2922004163265228, 0.25455090403556824, 0.2678608000278473, 0.30399271845817566, 0.2224951535463333, 0.3404042422771454, 0.2189333438873291, 0.3429016172885895, 0.3284658193588257, 0.23564088344573975, 0.22782562673091888, 0.2460908144712448, 0.23209203779697418, 0.22874590754508972, 0.19461983442306519, 0.2604680061340332, 0.19974030554294586, 0.25029826164245605, 0.1771051287651062, 0.21896398067474365, 0.181893989443779, 0.2289782017469406, 0.18326769769191742, 0.1994694173336029, 0.1863051801919937, 0.21267731487751007, 0.17314904928207397, 0.1777505874633789, 0.1972413808107376, 0.1798488199710846, 0.18824972212314606, 0.16488341987133026, 0.19561393558979034, 0.18095707893371582, 0.18217764794826508, 0.18303589522838593, 0.1979188770055771, 0.1751890331506729, 0.1812538355588913, 0.16181810200214386, 0.17623966932296753, 0.17244289815425873, 0.18077106773853302, 0.2301199585199356, 0.1639546900987625, 0.20215646922588348, 0.2631731331348419, 0.23141708970069885, 0.2793178856372833, 0.23100681602954865, 0.2957765758037567, 0.2410064935684204, 0.3144771456718445, 0.20595917105674744, 0.40306100249290466, 0.3940852880477905, 0.2675568461418152, 0.39832156896591187, 0.2783113718032837, 0.323721706867218, 0.3417588770389557, 0.2044103443622589, 0.31705546379089355, 0.2851782739162445, 0.22308862209320068, 0.30522704124450684, 0.24370764195919037, 0.2887095808982849, 0.24628759920597076, 0.2572091221809387, 0.26869726181030273, 0.23655396699905396, 0.30191469192504883, 0.1605113297700882]

Validation root_mean_squared_error : [8.613516807556152, 8.519237518310547, 8.032939910888672, 7.593842506408691, 7.271063804626465, 7.066963195800781, 6.771042823791504, 6.3483967781066895, 6.0144734382629395, 5.703896522521973, 5.409006595611572, 5.220767021179199, 5.091434478759766, 5.0341033935546875, 4.697756767272949, 4.040438175201416, 3.466681718826294, 3.0817980766296387, 2.7576076984405518, 2.544797420501709, 1.9848873615264893, 1.5153025388717651, 1.306138277053833, 1.4538486003875732, 1.3856730461120605, 0.7918875813484192, 0.7461807727813721, 0.8757140636444092, 0.8788638114929199, 1.0655351877212524, 0.9668048024177551, 0.8967012166976929, 0.8988077044487, 0.7949044704437256, 0.7299689054489136, 1.1562087535858154, 1.3827491998672485, 1.2488670349121094, 1.0524507761001587, 1.0336531400680542, 1.1034562587738037, 1.2097063064575195, 1.2473769187927246, 1.2116481065750122, 1.186100959777832, 1.2629417181015015, 1.3849091529846191, 1.3725123405456543, 1.3193262815475464, 1.216870903968811, 1.1359694004058838, 1.0444914102554321, 0.9426835179328918, 0.9415653347969055, 0.9457253217697144, 0.869460940361023, 0.8035738468170166, 0.9015219807624817, 1.0450389385223389, 1.0038671493530273, 0.8425471782684326, 0.8646578192710876, 1.0466738939285278, 1.0869075059890747, 1.005782127380371, 0.9582614302635193, 0.9911177158355713, 1.0969122648239136, 1.0932773351669312, 0.9192715287208557, 0.9049573540687561, 0.9898036122322083, 0.9847699999809265, 0.8388451337814331, 0.804216206073761, 1.0507533550262451, 0.9237613081932068, 0.7244555950164795, 0.7547516226768494, 0.9055466055870056, 0.9120702147483826, 0.7263656854629517, 0.7331609725952148, 0.935262143611908, 0.8617761135101318, 0.7357510924339294, 0.7603197693824768, 0.970669686794281, 0.8822229504585266, 0.7318165898323059, 0.7165151834487915, 0.917677104473114, 0.9205492734909058, 0.6946977376937866, 0.6662200689315796, 0.7780972123146057, 0.9547001719474792, 0.7208070158958435, 0.673648476600647, 0.6922694444656372, 1.0346592664718628, 0.9459870457649231, 0.6965931057929993, 0.6832473278045654, 0.8684950470924377, 0.9111340641975403, 0.6802614331245422, 0.6226083636283875, 0.6730327010154724, 0.8644197583198547, 0.7146407961845398, 0.5680805444717407, 0.5452924370765686, 0.735748291015625, 0.7392678260803223, 0.5347606539726257, 0.5550740361213684, 0.6279562711715698, 0.7023998498916626, 0.6187994480133057, 0.5673922300338745, 0.6854683756828308, 0.651978075504303, 0.5673538446426392, 0.5608553886413574, 0.7177246809005737, 0.5761198401451111, 0.5465851426124573, 0.6552478671073914, 0.5751844048500061, 0.5865632891654968, 0.6254395842552185, 0.5428261160850525, 0.517401933670044, 0.635026752948761, 0.5204781889915466, 0.4788282811641693, 0.5096582770347595, 0.6265951991081238, 0.5497782230377197, 0.5009990334510803, 0.6190376281738281, 0.6237190961837769, 0.5824928879737854, 0.5622363686561584, 0.5920518040657043, 0.6264036893844604, 0.4733896255493164, 0.4607209265232086, 0.5903412699699402, 0.5717930197715759, 0.4601188004016876, 0.4616517126560211, 0.5687891244888306, 0.6710451245307922, 0.4751303791999817, 0.5218744277954102, 0.5079481601715088, 0.5720825791358948, 0.5545549988746643, 0.46840202808380127, 0.47227001190185547, 0.47060489654541016, 0.40226656198501587, 0.3823603689670563, 0.4459591507911682, 0.47014424204826355, 0.4249556362628937, 0.4660518169403076, 0.5117390751838684, 0.5914766788482666, 0.4260045289993286, 0.45006734132766724, 0.46837547421455383, 0.4547864496707916, 0.4288195073604584, 0.4025099575519562, 0.48141127824783325, 0.41457873582839966, 0.4445761442184448, 0.4836118221282959, 0.43967124819755554, 0.42478734254837036, 0.44678300619125366, 0.49010762572288513, 0.41276469826698303, 0.44305381178855896, 0.41537967324256897, 0.4508090615272522, 0.41540274024009705, 0.4184612035751343, 0.3957650661468506, 0.5481814742088318, 0.5829644799232483, 0.4470174014568329, 0.5327172875404358, 0.4078497588634491, 0.6020880341529846, 0.4956546425819397, 0.4737223982810974, 0.4825703501701355, 0.47015976905822754, 0.46089085936546326, 0.40902915596961975, 0.395250529050827, 0.4084737002849579, 0.45169615745544434, 0.39583536982536316, 0.40576639771461487, 0.44535183906555176, 0.4477313458919525, 0.3940625488758087, 0.3911988139152527, 0.3851659893989563, 0.4367190897464752, 0.3455315828323364, 0.36964476108551025, 0.4056086242198944, 0.3951165974140167, 0.40575703978538513, 0.37432006001472473, 0.43797507882118225, 0.37740376591682434, 0.4560241997241974, 0.4210139811038971, 0.4502081871032715, 0.41207075119018555, 0.40164652466773987, 0.38422891497612, 0.3518918752670288, 0.44523632526397705, 0.3880215585231781, 0.4537088871002197, 0.4415702223777771, 0.4558897614479065, 0.42386919260025024, 0.4232058525085449, 0.41631385684013367, 0.42100638151168823, 0.3750719130039215, 0.36960214376449585, 0.34153908491134644, 0.4154515266418457, 0.3522329032421112, 0.38712289929389954, 0.378766268491745, 0.4241330921649933, 0.38145768642425537, 0.3779647648334503, 0.3920380771160126, 0.38737258315086365, 0.35745128989219666, 0.34267038106918335, 0.37346065044403076, 0.3657858669757843, 0.367864727973938, 0.37179988622665405, 0.40135395526885986, 0.38797610998153687, 0.374369353055954, 0.3900754153728485, 0.3906062841415405, 0.3779943883419037, 0.3909180760383606, 0.3776245713233948, 0.36085572838783264, 0.37366247177124023, 0.37239134311676025, 0.4539514482021332, 0.4031240940093994, 0.42611998319625854, 0.4454250633716583, 0.3921516537666321, 0.45889925956726074, 0.4059011936187744, 0.46629226207733154, 0.4277140498161316, 0.4920581579208374, 0.4022626280784607, 0.6304775476455688, 0.5872173309326172, 0.4610530138015747, 0.5912641286849976, 0.42798611521720886, 0.4859047830104828, 0.46127623319625854, 0.43337053060531616, 0.4741640090942383, 0.4570595622062683, 0.4084683060646057, 0.43298739194869995, 0.4191215932369232, 0.39835116267204285, 0.40190988779067993, 0.3706171214580536, 0.3912125825881958, 0.3884166181087494, 0.4377361238002777, 0.3090156614780426, 0.4668172299861908]

Validation loss : [5.385372161865234, 5.387300491333008, 5.210637092590332, 5.073268413543701, 5.014288425445557, 5.000352382659912, 4.938495635986328, 4.815109729766846, 4.667705535888672, 4.481208801269531, 4.246708393096924, 4.18063497543335, 4.0926432609558105, 3.95389461517334, 3.7611966133117676, 3.3207883834838867, 2.8972551822662354, 2.519901990890503, 2.1605734825134277, 1.8684985637664795, 1.5261149406433105, 1.2562144994735718, 1.026289939880371, 1.0892131328582764, 1.0807081460952759, 0.5216717720031738, 0.5689079761505127, 0.6211162209510803, 0.7172587513923645, 0.8836833834648132, 0.7912420034408569, 0.6708374619483948, 0.6475617289543152, 0.5942857265472412, 0.5185878872871399, 0.7703538537025452, 0.9384421706199646, 0.7966549396514893, 0.7406635880470276, 0.7750903367996216, 0.800612211227417, 0.8871849775314331, 0.9280483722686768, 0.8954925537109375, 0.8999332189559937, 0.9133381843566895, 0.9349613785743713, 0.8987674713134766, 0.8635413646697998, 0.8040908575057983, 0.731773853302002, 0.6680014729499817, 0.617901086807251, 0.6062225103378296, 0.6270229816436768, 0.5491867065429688, 0.5149844288825989, 0.56930011510849, 0.6857308745384216, 0.6502265930175781, 0.5827082991600037, 0.5771734118461609, 0.6697962284088135, 0.6753553748130798, 0.6744918823242188, 0.646043598651886, 0.6502977609634399, 0.7070648670196533, 0.7335717082023621, 0.6925090551376343, 0.6615350246429443, 0.6781168580055237, 0.6379021406173706, 0.6120728850364685, 0.5362387299537659, 0.6680861711502075, 0.5943071246147156, 0.5097436308860779, 0.5223014950752258, 0.6135745644569397, 0.6394537687301636, 0.5374190211296082, 0.5511720180511475, 0.6134805679321289, 0.5381019115447998, 0.5557491183280945, 0.5660842061042786, 0.6455946564674377, 0.583848237991333, 0.5900339484214783, 0.5479642748832703, 0.6172542572021484, 0.6112017631530762, 0.5322976112365723, 0.49869304895401, 0.5139837861061096, 0.6627710461616516, 0.4932170510292053, 0.5067186951637268, 0.47394171357154846, 0.736175000667572, 0.6436594128608704, 0.5362355709075928, 0.5175480842590332, 0.5746580362319946, 0.6073895692825317, 0.5152279138565063, 0.474944531917572, 0.4900776743888855, 0.6213068962097168, 0.4788837134838104, 0.4311719238758087, 0.4390948414802551, 0.5289452075958252, 0.5398967266082764, 0.4150840640068054, 0.44544869661331177, 0.4570704698562622, 0.539717435836792, 0.4803725779056549, 0.42120930552482605, 0.5047910809516907, 0.45916879177093506, 0.4703465700149536, 0.40731772780418396, 0.5243157744407654, 0.4229785203933716, 0.39554402232170105, 0.4796111285686493, 0.4305269122123718, 0.41401946544647217, 0.42555972933769226, 0.42255738377571106, 0.3955318331718445, 0.5140493512153625, 0.38600730895996094, 0.38225284218788147, 0.3642359673976898, 0.43630480766296387, 0.4451184868812561, 0.39878177642822266, 0.4683611989021301, 0.46460047364234924, 0.4934442937374115, 0.47763556241989136, 0.43525460362434387, 0.4679475724697113, 0.3760901391506195, 0.36162063479423523, 0.46346449851989746, 0.4312538206577301, 0.36861544847488403, 0.365086168050766, 0.45429855585098267, 0.532163143157959, 0.36262837052345276, 0.38764718174934387, 0.3931545913219452, 0.44553905725479126, 0.4256116449832916, 0.35272061824798584, 0.36011940240859985, 0.37071946263313293, 0.3369908630847931, 0.2663554847240448, 0.373454213142395, 0.36823493242263794, 0.34895533323287964, 0.36932823061943054, 0.38568904995918274, 0.4436955749988556, 0.34756889939308167, 0.31665870547294617, 0.36026692390441895, 0.3485676944255829, 0.3258651793003082, 0.31804531812667847, 0.3790520429611206, 0.33909958600997925, 0.3733184337615967, 0.3758467435836792, 0.34471529722213745, 0.3376038372516632, 0.3498123586177826, 0.3956751227378845, 0.33721089363098145, 0.34766459465026855, 0.32438111305236816, 0.36257827281951904, 0.3444634675979614, 0.337876558303833, 0.3118661046028137, 0.44924941658973694, 0.47452831268310547, 0.355550616979599, 0.4330918788909912, 0.3308427929878235, 0.47944900393486023, 0.38366180658340454, 0.37960025668144226, 0.39203986525535583, 0.3758295178413391, 0.3666602075099945, 0.33208832144737244, 0.32943984866142273, 0.2985188961029053, 0.3488973379135132, 0.3115209639072418, 0.3118034601211548, 0.3640909492969513, 0.34994280338287354, 0.2983090579509735, 0.3019081950187683, 0.2955840229988098, 0.33406028151512146, 0.2757178544998169, 0.3028401732444763, 0.288122296333313, 0.3083549737930298, 0.33235055208206177, 0.2945311665534973, 0.35350555181503296, 0.2801128625869751, 0.36613205075263977, 0.33586224913597107, 0.3570269048213959, 0.3157540559768677, 0.328365683555603, 0.31187087297439575, 0.2642993927001953, 0.33468860387802124, 0.3013567328453064, 0.3675503134727478, 0.3617277443408966, 0.34172573685646057, 0.3158860504627228, 0.3271957337856293, 0.3197585940361023, 0.30623292922973633, 0.2970403730869293, 0.2991913855075836, 0.27059462666511536, 0.3058657944202423, 0.26590976119041443, 0.30336129665374756, 0.30207765102386475, 0.31108635663986206, 0.30226901173591614, 0.3046205937862396, 0.2941054403781891, 0.2906315326690674, 0.2792295515537262, 0.2640904486179352, 0.28129127621650696, 0.2717133164405823, 0.28810346126556396, 0.285131573677063, 0.29594525694847107, 0.287433385848999, 0.29097825288772583, 0.29010432958602905, 0.30836978554725647, 0.2958330512046814, 0.2909679710865021, 0.2794899642467499, 0.2709607183933258, 0.2879500091075897, 0.2978755235671997, 0.3338638246059418, 0.2996164560317993, 0.3217817544937134, 0.3026507496833801, 0.2777262032032013, 0.3530438542366028, 0.3082725703716278, 0.3466244041919708, 0.32327982783317566, 0.3931000530719757, 0.29743504524230957, 0.4697187840938568, 0.41741034388542175, 0.3572046756744385, 0.47430118918418884, 0.33453118801116943, 0.3849811553955078, 0.3784337639808655, 0.3322800099849701, 0.3290761709213257, 0.3581666052341461, 0.31504589319229126, 0.3447137176990509, 0.3290907144546509, 0.31179293990135193, 0.3106546401977539, 0.3066345155239105, 0.33523494005203247, 0.29068058729171753, 0.3629870116710663, 0.24392327666282654, 0.37551140785217285]

Train : [['100001', '100002', '100003', '100004', '100005', '100043', '100044', '100045', '100006', '100101', '100007', '100102', '100048', '100128', '100049', '100129', '100075', '100151', '100076', '100152', '100084', '100160', '100085', '100008', '100009', '100050', '100051', '100077', '100078', '100086', '100087', '100010', '100011', '100052', '100053', '100079', '100080', '100088', '100089', '100012', '100013', '100056', '100081', '100082', '100090', '100091', '100014', '100083', '100092']]

Test  : [['100015', '100016', '100017', '100020', '100110', '100021', '100111', '100066', '100144', '100067', '100145', '100022', '100023', '100068', '100069', '100024', '100025', '100070', '100071', '100026', '100027', '100072', '100073', '100028', '100074']]

Val  : [['100029', '100030', '100031', '100034', '100119', '100035', '100120', '100057', '100137', '100058', '100138', '100036', '100037', '100059', '100060', '100038', '100039', '100061', '100062', '100040', '100041', '100063', '100064', '100042', '100065']]

