Name : 2024.09.01.12.22.43
Type : mo_asy

Batch size : 1000
Epochs : 400
Validation split : 0.2
Feats : 12
Res list : ['car_ms_inout_nb']

Test root_mean_squared_error : 3.4431509971618652
Test loss : 2.67722225189209

Summary :

Model: "functional"
+--------------------------------------------------------------------------------------+
| Layer (type)                         | Output Shape                |         Param # |
|--------------------------------------+-----------------------------+-----------------|
| input_layer (InputLayer)             | (None, 12)                  |               0 |
|--------------------------------------+-----------------------------+-----------------|
| batch_normalization                  | (None, 12)                  |              48 |
| (BatchNormalization)                 |                             |                 |
|--------------------------------------+-----------------------------+-----------------|
| dense (Dense)                        | (None, 50)                  |             650 |
|--------------------------------------+-----------------------------+-----------------|
| dense_1 (Dense)                      | (None, 50)                  |           2,550 |
|--------------------------------------+-----------------------------+-----------------|
| dense_2 (Dense)                      | (None, 50)                  |           2,550 |
|--------------------------------------+-----------------------------+-----------------|
| car_ms_inout_nb (Dense)              | (None, 1)                   |              51 |
+--------------------------------------------------------------------------------------+
 Total params: 17,501 (68.37 KB)
 Trainable params: 5,825 (22.75 KB)
 Non-trainable params: 24 (96.00 B)
 Optimizer params: 11,652 (45.52 KB)

root_mean_squared_error : [45.585391998291016, 45.53177261352539, 45.47599792480469, 45.41746520996094, 45.355812072753906, 45.290679931640625, 45.22166061401367, 45.14828109741211, 45.070068359375, 44.98654556274414, 44.89726638793945, 44.801780700683594, 44.69965362548828, 44.59046173095703, 44.47376251220703, 44.34913635253906, 44.216156005859375, 44.07439422607422, 43.92345428466797, 43.76293182373047, 43.592464447021484, 43.41170883178711, 43.2203483581543, 43.018096923828125, 42.80473327636719, 42.580081939697266, 42.34407043457031, 42.096717834472656, 41.83818054199219, 41.568748474121094, 41.28888702392578, 40.99924087524414, 40.700645446777344, 40.39413070678711, 40.08095169067383, 39.76258850097656, 39.44075393676758, 39.117401123046875, 38.794734954833984, 38.47520446777344, 38.1615104675293, 37.856571197509766, 37.56352615356445, 37.28568649291992, 37.02650833129883, 36.78956604003906, 36.5784912109375, 36.396915435791016, 36.24906921386719, 36.137943267822266, 36.065975189208984, 36.03533935546875, 36.048099517822266, 36.10347366333008, 36.19693374633789, 36.3252067565918, 36.482276916503906, 36.658817291259766, 36.84560012817383, 37.03453063964844, 37.208858489990234, 37.344451904296875, 37.43275833129883, 37.46526336669922, 37.44534683227539, 37.37770462036133, 37.26775360107422, 37.121212005615234, 36.943843841552734, 36.74125289916992, 36.525482177734375, 36.30006790161133, 36.077308654785156, 35.85794448852539, 35.64946365356445, 35.45997619628906, 35.2865104675293, 35.12659454345703, 34.978172302246094, 34.84313201904297, 34.72251510620117, 34.61467361450195, 34.5183219909668, 34.432472229003906, 34.34904479980469, 34.26774215698242, 34.18829345703125, 34.11043930053711, 34.033939361572266, 33.95856475830078, 33.884090423583984, 33.81031036376953, 33.73701858520508, 33.664031982421875, 33.581809997558594, 33.48688507080078, 33.37997055053711, 33.2618522644043, 33.13336181640625, 32.99088668823242, 32.840354919433594, 32.6826286315918, 32.51854705810547, 32.34896469116211, 32.17470932006836, 31.99662208557129, 31.818824768066406, 31.641508102416992, 31.464946746826172, 31.293516159057617, 31.1269474029541, 30.965133666992188, 30.808109283447266, 30.656003952026367, 30.50904083251953, 30.363664627075195, 30.220600128173828, 30.080516815185547, 29.944011688232422, 29.81159210205078, 29.68368148803711, 29.556861877441406, 29.42815399169922, 29.29831314086914, 29.17152976989746, 29.05192756652832, 28.939180374145508, 28.832950592041016, 28.729700088500977, 28.62538719177246, 28.52016830444336, 28.414196014404297, 28.307619094848633, 28.20056915283203, 28.096956253051758, 27.996387481689453, 27.89849090576172, 27.802927017211914, 27.712718963623047, 27.623292922973633, 27.534334182739258, 27.45124053955078, 27.37347984313965, 27.292373657226562, 27.20804786682129, 27.125629425048828, 27.038188934326172, 26.94562339782715, 26.847806930541992, 26.744596481323242, 26.639257431030273, 26.531131744384766, 26.427114486694336, 26.326356887817383, 26.216503143310547, 26.097272872924805, 25.968379974365234, 25.829538345336914, 25.689306259155273, 25.552248001098633, 25.411998748779297, 25.267839431762695, 25.119041442871094, 24.954313278198242, 24.773244857788086, 24.57541275024414, 24.371431350708008, 24.16011619567871, 23.94019317626953, 23.710262298583984, 23.46879005432129, 23.210521697998047, 22.93404769897461, 22.624292373657227, 22.29440689086914, 21.94271469116211, 21.577083587646484, 21.195493698120117, 20.797348022460938, 20.377574920654297, 19.935081481933594, 19.46858024597168, 18.976533889770508, 18.457155227661133, 17.907461166381836, 17.328922271728516, 16.721376419067383, 16.084985733032227, 15.423747062683105, 14.743169784545898, 14.05177116394043, 13.372891426086426, 12.701948165893555, 12.050017356872559, 11.42586898803711, 10.830119132995605, 10.269927978515625, 9.748404502868652, 9.267163276672363, 8.821473121643066, 8.405023574829102, 8.013404846191406, 7.647677898406982, 7.305723190307617, 6.987685203552246, 6.693911075592041, 6.424708366394043, 6.180133819580078, 5.959871292114258, 5.7632060050964355, 5.589035511016846, 5.429987907409668, 5.288266658782959, 5.159980773925781, 5.044040679931641, 4.940008163452148, 4.850693225860596, 4.777040481567383, 4.722166061401367, 4.6866841316223145, 4.663842678070068, 4.636652946472168, 4.5877532958984375, 4.531528949737549, 4.485796928405762, 4.462592601776123, 4.451213359832764, 4.438298225402832, 4.422603130340576, 4.404860019683838, 4.386774063110352, 4.37036657333374, 4.349605560302734, 4.326457500457764, 4.308592319488525, 4.298549175262451, 4.294917106628418, 4.292119026184082, 4.289975166320801, 4.282305717468262, 4.269652366638184, 4.256451606750488, 4.244837760925293, 4.236292839050293, 4.23162841796875, 4.2228779792785645, 4.2076735496521, 4.1914591789245605, 4.176476001739502, 4.163588047027588, 4.151943206787109, 4.141857624053955, 4.132656097412109, 4.125350475311279, 4.118309020996094, 4.113893508911133, 4.1050848960876465, 4.098402976989746, 4.090106010437012, 4.076571464538574, 4.067552089691162, 4.058046340942383, 4.045734882354736, 4.032193660736084, 4.019655227661133, 4.006448268890381, 3.995061159133911, 3.9856841564178467, 3.976506233215332, 3.9682364463806152, 3.9610750675201416, 3.9533281326293945, 3.9392881393432617, 3.9278907775878906, 3.919307231903076, 3.909334421157837, 3.900470495223999, 3.8926661014556885, 3.8760993480682373, 3.859333038330078, 3.8469462394714355, 3.836893081665039, 3.8246819972991943, 3.8070199489593506, 3.7962026596069336, 3.7848455905914307, 3.7701852321624756, 3.7548067569732666, 3.7495458126068115, 3.735818862915039, 3.7295470237731934, 3.7227768898010254, 3.7147769927978516, 3.704164981842041, 3.6968634128570557, 3.692153215408325, 3.685351848602295, 3.6743292808532715, 3.665167808532715, 3.667412757873535, 3.654000759124756, 3.6417906284332275, 3.6417431831359863, 3.640944004058838, 3.6378915309906006, 3.623178005218506, 3.6110026836395264, 3.605226993560791, 3.611631393432617, 3.6052045822143555, 3.5929694175720215, 3.592099666595459, 3.5938541889190674, 3.5694806575775146, 3.566682815551758, 3.570540428161621, 3.5769031047821045, 3.559173583984375, 3.552124500274658, 3.565401315689087, 3.582298755645752, 3.5639848709106445, 3.5423102378845215, 3.5381438732147217, 3.555922031402588, 3.551802158355713, 3.5390465259552, 3.549107551574707, 3.567401647567749, 3.5383880138397217, 3.5162556171417236, 3.5206832885742188, 3.5502169132232666, 3.5371415615081787, 3.5069527626037598, 3.508608341217041, 3.5360496044158936, 3.518953323364258, 3.508460521697998, 3.5075206756591797, 3.5059077739715576, 3.4991695880889893, 3.504321813583374, 3.5199201107025146, 3.497446060180664, 3.4956698417663574, 3.521894693374634, 3.5096466541290283, 3.4786107540130615, 3.474594831466675, 3.491685628890991, 3.4977023601531982, 3.4714927673339844, 3.4499504566192627, 3.454303026199341, 3.4823055267333984, 3.4842231273651123, 3.4487669467926025, 3.45123553276062, 3.4843358993530273, 3.472417116165161, 3.437580108642578, 3.4360530376434326, 3.4703946113586426, 3.477227210998535, 3.4398818016052246, 3.4093737602233887, 3.4076859951019287, 3.4329066276550293, 3.4507548809051514, 3.4262752532958984, 3.4026737213134766, 3.413269281387329, 3.4341228008270264, 3.4376778602600098, 3.407263994216919, 3.390890121459961, 3.392578125, 3.414374828338623, 3.403498649597168, 3.3821918964385986, 3.38330078125, 3.393277645111084, 3.3928401470184326, 3.379894733428955, 3.373321294784546, 3.369230270385742, 3.361471176147461, 3.370764970779419, 3.369495153427124, 3.3707199096679688, 3.366985321044922, 3.3548598289489746, 3.351262331008911, 3.3473517894744873, 3.3450708389282227, 3.356217384338379, 3.3537099361419678, 3.3594253063201904, 3.342244863510132]

Loss : [45.08683395385742, 45.019920349121094, 44.95001220703125, 44.87638854980469, 44.798622131347656, 44.716285705566406, 44.62883377075195, 44.535675048828125, 44.43616485595703, 44.32963562011719, 44.21541976928711, 44.09284973144531, 43.96123123168945, 43.81986618041992, 43.66801834106445, 43.504920959472656, 43.32978820800781, 43.14179229736328, 42.94005584716797, 42.723716735839844, 42.491844177246094, 42.243492126464844, 41.97768020629883, 41.69340896606445, 41.38966751098633, 41.065425872802734, 40.719669342041016, 40.35140609741211, 39.95967483520508, 39.5435676574707, 39.102230072021484, 38.6348876953125, 38.140838623046875, 37.61945724487305, 37.070220947265625, 36.492713928222656, 35.8866081237793, 35.251708984375, 34.587928771972656, 33.89532470703125, 33.17406463623047, 32.424468994140625, 31.64697265625, 30.842138290405273, 30.010656356811523, 29.15330696105957, 28.270977020263672, 27.379966735839844, 26.522993087768555, 25.654743194580078, 24.835960388183594, 24.020565032958984, 23.267257690429688, 22.587478637695312, 22.041542053222656, 21.580612182617188, 21.265380859375, 20.989953994750977, 20.794815063476562, 20.675308227539062, 20.680944442749023, 20.710376739501953, 20.73089027404785, 20.71632957458496, 20.6502628326416, 20.540481567382812, 20.39373779296875, 20.21586036682129, 20.01191520690918, 19.787073135375977, 19.569265365600586, 19.362382888793945, 19.188758850097656, 19.046890258789062, 18.96159553527832, 18.895763397216797, 18.829072952270508, 18.76144790649414, 18.695858001708984, 18.631248474121094, 18.56427574157715, 18.485748291015625, 18.396774291992188, 18.303510665893555, 18.218463897705078, 18.13267707824707, 18.046009063720703, 17.958303451538086, 17.869417190551758, 17.779184341430664, 17.687437057495117, 17.594013214111328, 17.498727798461914, 17.424936294555664, 17.35357093811035, 17.28558921813965, 17.21330451965332, 17.13702964782715, 17.057077407836914, 16.97249984741211, 16.884904861450195, 16.794452667236328, 16.701318740844727, 16.605676651000977, 16.5076904296875, 16.411907196044922, 16.317739486694336, 16.22205924987793, 16.128780364990234, 16.032752990722656, 15.9337739944458, 15.831932067871094, 15.727330207824707, 15.620089530944824, 15.510395050048828, 15.403435707092285, 15.295802116394043, 15.187702178955078, 15.079339027404785, 14.97091007232666, 14.866264343261719, 14.764878273010254, 14.661191940307617, 14.556511878967285, 14.46041202545166, 14.366691589355469, 14.272412300109863, 14.181017875671387, 14.094268798828125, 14.009368896484375, 13.924476623535156, 13.8397855758667, 13.755455017089844, 13.673047065734863, 13.592287063598633, 13.512031555175781, 13.432330131530762, 13.355181694030762, 13.279295921325684, 13.205236434936523, 13.137687683105469, 13.067641258239746, 12.997265815734863, 12.925982475280762, 12.850725173950195, 12.7781343460083, 12.709305763244629, 12.640352249145508, 12.57119369506836, 12.502866744995117, 12.434571266174316, 12.367024421691895, 12.296449661254883, 12.22666072845459, 12.157310485839844, 12.086136817932129, 12.012968063354492, 11.941567420959473, 11.86843204498291, 11.791790962219238, 11.7130765914917, 11.631830215454102, 11.550446510314941, 11.466246604919434, 11.377558708190918, 11.285981178283691, 11.19256591796875, 11.094911575317383, 10.992744445800781, 10.885749816894531, 10.77685260772705, 10.665331840515137, 10.548821449279785, 10.42553997039795, 10.2964448928833, 10.16662311553955, 10.029528617858887, 9.887279510498047, 9.750533103942871, 9.607121467590332, 9.455273628234863, 9.29511547088623, 9.126642227172852, 8.950565338134766, 8.765776634216309, 8.576586723327637, 8.378753662109375, 8.175969123840332, 7.967797756195068, 7.752540111541748, 7.532532691955566, 7.307155609130859, 7.0815629959106445, 6.857640266418457, 6.644263744354248, 6.443004131317139, 6.246724605560303, 6.052987098693848, 5.8722243309021, 5.7021484375, 5.532550811767578, 5.3654937744140625, 5.204321384429932, 5.049304485321045, 4.896450519561768, 4.7458648681640625, 4.59765625, 4.451880931854248, 4.30849027633667, 4.174641132354736, 4.055554389953613, 3.944087028503418, 3.848889112472534, 3.753129720687866, 3.6629855632781982, 3.5821027755737305, 3.500821590423584, 3.416691780090332, 3.3296713829040527, 3.2750911712646484, 3.229215621948242, 3.2340774536132812, 3.205002546310425, 3.1911590099334717, 3.201052665710449, 3.2045717239379883, 3.19718861579895, 3.1913902759552, 3.1745007038116455, 3.1484568119049072, 3.114985704421997, 3.091021776199341, 3.0604944229125977, 3.0257256031036377, 3.011939764022827, 3.0011963844299316, 2.993255615234375, 2.9860117435455322, 2.9742214679718018, 2.9624416828155518, 2.951749801635742, 2.9380970001220703, 2.9338021278381348, 2.9185404777526855, 2.9101712703704834, 2.901102066040039, 2.8836302757263184, 2.863201379776001, 2.8484363555908203, 2.833878755569458, 2.8259363174438477, 2.810858964920044, 2.788123607635498, 2.769792318344116, 2.754993200302124, 2.7551727294921875, 2.743781328201294, 2.7335734367370605, 2.7274293899536133, 2.7203850746154785, 2.7146482467651367, 2.700857162475586, 2.6866888999938965, 2.6763811111450195, 2.6652755737304688, 2.6513307094573975, 2.643259048461914, 2.6283891201019287, 2.617095470428467, 2.6000075340270996, 2.5991320610046387, 2.5812835693359375, 2.5800304412841797, 2.572812557220459, 2.5629124641418457, 2.5465686321258545, 2.522660970687866, 2.5246899127960205, 2.506545066833496, 2.499443531036377, 2.4908034801483154, 2.472622871398926, 2.463921308517456, 2.4551842212677, 2.4492170810699463, 2.428295612335205, 2.4279677867889404, 2.4274375438690186, 2.423727512359619, 2.4047012329101562, 2.374376058578491, 2.3733949661254883, 2.387976884841919, 2.3780384063720703, 2.361145496368408, 2.3562920093536377, 2.3493776321411133, 2.3466827869415283, 2.336984872817993, 2.3508846759796143, 2.3267769813537598, 2.3046107292175293, 2.3123843669891357, 2.303164005279541, 2.2988669872283936, 2.2896676063537598, 2.2985401153564453, 2.2863898277282715, 2.272519111633301, 2.2641642093658447, 2.2604522705078125, 2.250551700592041, 2.2670609951019287, 2.2430312633514404, 2.2541143894195557, 2.233835220336914, 2.239889144897461, 2.2218692302703857, 2.227111339569092, 2.2085704803466797, 2.2302277088165283, 2.200629472732544, 2.217670440673828, 2.207082509994507, 2.2117812633514404, 2.1897807121276855, 2.1917026042938232, 2.1889917850494385, 2.1941421031951904, 2.171029806137085, 2.189173698425293, 2.1682920455932617, 2.183894395828247, 2.162233352661133, 2.165541887283325, 2.16452956199646, 2.1635220050811768, 2.1441783905029297, 2.1528618335723877, 2.1511313915252686, 2.1368086338043213, 2.1342344284057617, 2.137600898742676, 2.139528274536133, 2.123154878616333, 2.1240713596343994, 2.149911880493164, 2.1357905864715576, 2.1374053955078125, 2.130319595336914, 2.1128978729248047, 2.126955509185791, 2.1066267490386963, 2.1348588466644287, 2.125919818878174, 2.1057159900665283, 2.1097352504730225, 2.114558458328247, 2.101912260055542, 2.112424850463867, 2.0926671028137207, 2.1164064407348633, 2.1101057529449463, 2.0995640754699707, 2.1152455806732178, 2.0847585201263428, 2.1087827682495117, 2.0928521156311035, 2.081610918045044, 2.104168176651001, 2.0828757286071777, 2.0845096111297607, 2.073422908782959, 2.0885255336761475, 2.08943510055542, 2.0639431476593018, 2.0544631481170654, 2.056349039077759, 2.0628273487091064, 2.048234224319458, 2.0464043617248535, 2.048752546310425, 2.050729513168335, 2.048325777053833, 2.0344271659851074, 2.0208704471588135, 2.025714159011841, 2.0197088718414307, 2.0238072872161865, 2.0275397300720215, 2.018660545349121, 2.011904716491699, 2.0009148120880127, 2.0156776905059814, 2.0093750953674316, 1.9964053630828857, 2.002659559249878, 2.0086488723754883, 2.0071184635162354, 2.0084056854248047]

Validation root_mean_squared_error : [49.834495544433594, 49.87065124511719, 49.90837478637695, 49.947593688964844, 49.98826599121094, 50.030399322509766, 50.07402420043945, 50.119171142578125, 50.165950775146484, 50.21451950073242, 50.26507568359375, 50.317848205566406, 50.373111724853516, 50.431129455566406, 50.492210388183594, 50.55667495727539, 50.62488555908203, 50.69723892211914, 50.774166107177734, 50.85614776611328, 50.94369125366211, 51.03733825683594, 51.137630462646484, 51.245155334472656, 51.36050796508789, 51.484317779541016, 51.61721420288086, 51.7598762512207, 51.91297912597656, 52.077239990234375, 52.2534065246582, 52.44223403930664, 52.64450454711914, 52.86102294921875, 53.09259033203125, 53.34004211425781, 53.604217529296875, 53.88597869873047, 54.18619918823242, 54.5057487487793, 54.84547805786133, 55.20619583129883, 55.58865737915039, 55.99357223510742, 56.42158126831055, 56.87326431274414, 57.34911346435547, 57.84657669067383, 58.36623001098633, 58.904144287109375, 59.46127700805664, 60.03478240966797, 60.62031936645508, 61.20792007446289, 61.790584564208984, 62.36416244506836, 62.907413482666016, 63.414310455322266, 63.87327194213867, 64.26351928710938, 64.5513916015625, 64.73274230957031, 64.80705261230469, 64.78687286376953, 64.6839828491211, 64.5093002319336, 64.27281188964844, 63.98362350463867, 63.64994812011719, 63.2872200012207, 62.90053176879883, 62.51294708251953, 62.125572204589844, 61.76118469238281, 61.43617248535156, 61.1463623046875, 60.888092041015625, 60.65815353393555, 60.46275329589844, 60.31144332885742, 60.19955062866211, 60.12311553955078, 60.07870864868164, 60.041893005371094, 60.012046813964844, 59.98858642578125, 59.97096633911133, 59.958683013916016, 59.95124053955078, 59.94819259643555, 59.94908905029297, 59.953514099121094, 59.9610710144043, 59.95375442504883, 59.91893005371094, 59.858760833740234, 59.77528381347656, 59.67039489746094, 59.53595733642578, 59.38455581665039, 59.217620849609375, 59.036434173583984, 58.842185974121094, 58.63594055175781, 58.41866683959961, 58.205196380615234, 57.99494934082031, 57.78739547729492, 57.59134292602539, 57.40530014038086, 57.227943420410156, 57.05809783935547, 56.89468765258789, 56.73675537109375, 56.574214935302734, 56.407203674316406, 56.235816955566406, 56.06010055541992, 55.88004684448242, 55.695613861083984, 55.49734878540039, 55.26985168457031, 55.01528549194336, 54.75225067138672, 54.503334045410156, 54.267616271972656, 54.04416275024414, 53.82331848144531, 53.587127685546875, 53.337154388427734, 53.07484436035156, 52.80154037475586, 52.51846694946289, 52.24514389038086, 51.98070526123047, 51.724246978759766, 51.474830627441406, 51.23972702026367, 50.998748779296875, 50.751861572265625, 50.517189025878906, 50.293582916259766, 50.04560470581055, 49.77610397338867, 49.513458251953125, 49.23664474487305, 48.946414947509766, 48.64334487915039, 48.327850341796875, 48.0075798034668, 47.6815185546875, 47.36986541748047, 47.06991958618164, 46.750003814697266, 46.41024398803711, 46.05059814453125, 45.67087936401367, 45.293479919433594, 44.9369010925293, 44.575904846191406, 44.20834732055664, 43.832069396972656, 43.420166015625, 42.97255325317383, 42.488922119140625, 41.99386215209961, 41.484317779541016, 40.95709228515625, 40.40879821777344, 39.83580017089844, 39.22886657714844, 38.585052490234375, 37.87232971191406, 37.1190299987793, 36.32173156738281, 35.50414276123047, 34.66050338745117, 33.793636322021484, 32.895755767822266, 31.96451759338379, 30.997770309448242, 29.993349075317383, 28.949100494384766, 27.86313247680664, 26.737722396850586, 25.573686599731445, 24.37627410888672, 23.15397071838379, 21.918245315551758, 20.68378448486328, 19.498205184936523, 18.335960388183594, 17.209463119506836, 16.127273559570312, 15.08726978302002, 14.105895042419434, 13.190139770507812, 12.343987464904785, 11.555085182189941, 10.813509941101074, 10.110809326171875, 9.450995445251465, 8.830991744995117, 8.251959800720215, 7.715058326721191, 7.221294403076172, 6.771342754364014, 6.3654398918151855, 6.0033416748046875, 5.683908462524414, 5.367674827575684, 5.103673458099365, 4.890482425689697, 4.7117204666137695, 4.567300796508789, 4.427542209625244, 4.289693832397461, 4.153789043426514, 4.02934455871582, 3.926691770553589, 3.855339288711548, 3.8489444255828857, 3.8957033157348633, 3.9757320880889893, 4.001914978027344, 3.9758496284484863, 3.9380412101745605, 3.887892007827759, 3.827132225036621, 3.7587568759918213, 3.68634295463562, 3.6584322452545166, 3.6700313091278076, 3.704519510269165, 3.742921829223633, 3.738684892654419, 3.707965135574341, 3.6540191173553467, 3.614215135574341, 3.587970495223999, 3.5836474895477295, 3.6006665229797363, 3.5703063011169434, 3.497645378112793, 3.479785919189453, 3.5173466205596924, 3.554959297180176, 3.5857415199279785, 3.5819008350372314, 3.546231985092163, 3.527184247970581, 3.5235538482666016, 3.5357506275177, 3.561729907989502, 3.6007750034332275, 3.553215265274048, 3.4700968265533447, 3.4591102600097656, 3.5311474800109863, 3.5856852531433105, 3.6014208793640137, 3.581599712371826, 3.5191030502319336, 3.4780666828155518, 3.456911087036133, 3.4413704872131348, 3.45453143119812, 3.447249412536621, 3.4609758853912354, 3.456460475921631, 3.4469382762908936, 3.381442070007324, 3.3688302040100098, 3.3980913162231445, 3.4148097038269043, 3.45050048828125, 3.465120553970337, 3.419671058654785, 3.334099292755127, 3.3285272121429443, 3.3941712379455566, 3.4203081130981445, 3.330954074859619, 3.325117826461792, 3.3896212577819824, 3.4253246784210205, 3.346102237701416, 3.2848048210144043, 3.3185813426971436, 3.38354754447937, 3.3586032390594482, 3.2510530948638916, 3.2495172023773193, 3.3208162784576416, 3.3527796268463135, 3.2987380027770996, 3.256392478942871, 3.3315165042877197, 3.3992199897766113, 3.35016131401062, 3.277475357055664, 3.2537782192230225, 3.2999446392059326, 3.355833053588867, 3.3075907230377197, 3.207932233810425, 3.244622230529785, 3.3270676136016846, 3.3104207515716553, 3.2615654468536377, 3.3097357749938965, 3.343568801879883, 3.2349281311035156, 3.2127950191497803, 3.2797160148620605, 3.327504873275757, 3.2534379959106445, 3.203268527984619, 3.2688863277435303, 3.3383066654205322, 3.2821786403656006, 3.2070844173431396, 3.2299702167510986, 3.3105268478393555, 3.297609806060791, 3.2267343997955322, 3.2546756267547607, 3.319420576095581, 3.242676258087158, 3.170452117919922, 3.2104902267456055, 3.3197848796844482, 3.288590908050537, 3.1853623390197754, 3.197427988052368, 3.2970972061157227, 3.2553253173828125, 3.233870029449463, 3.2471351623535156, 3.254866600036621, 3.239349603652954, 3.2652571201324463, 3.319593667984009, 3.247727632522583, 3.248960018157959, 3.331357955932617, 3.306087017059326, 3.2110297679901123, 3.2142860889434814, 3.2939960956573486, 3.325110673904419, 3.2549118995666504, 3.1814346313476562, 3.2152466773986816, 3.310753107070923, 3.320725679397583, 3.19412899017334, 3.213580369949341, 3.3307106494903564, 3.3005752563476562, 3.1833577156066895, 3.1860268115997314, 3.3160033226013184, 3.345536470413208, 3.2640416622161865, 3.162012815475464, 3.1945865154266357, 3.3121986389160156, 3.373464345932007, 3.305992841720581, 3.222691774368286, 3.2741587162017822, 3.338684320449829, 3.3579180240631104, 3.2888386249542236, 3.241083860397339, 3.2564733028411865, 3.352902412414551, 3.3293535709381104, 3.257629632949829, 3.282366991043091, 3.3226704597473145, 3.333188533782959, 3.3090038299560547, 3.295278310775757, 3.288625717163086, 3.2677834033966064, 3.319854259490967, 3.313708782196045, 3.318427085876465, 3.3070733547210693, 3.293161392211914, 3.3261430263519287, 3.3329803943634033, 3.324537515640259, 3.3437654972076416, 3.3247644901275635, 3.365546941757202, 3.323373317718506, 3.3284130096435547]

Validation loss : [49.511104583740234, 49.527870178222656, 49.54484939575195, 49.5618896484375, 49.57884216308594, 49.5955924987793, 49.61198806762695, 49.62789535522461, 49.643165588378906, 49.65769958496094, 49.67139434814453, 49.68417739868164, 49.69596862792969, 49.70667266845703, 49.7161979675293, 49.72443389892578, 49.731239318847656, 49.736515045166016, 49.74009704589844, 49.74185562133789, 49.74165344238281, 49.73927688598633, 49.73453140258789, 49.727176666259766, 49.71696090698242, 49.70360565185547, 49.68681335449219, 49.666290283203125, 49.641727447509766, 49.61280822753906, 49.57924270629883, 49.54072189331055, 49.4969367980957, 49.44761276245117, 49.392459869384766, 49.33123016357422, 49.26371765136719, 49.18976974487305, 49.109256744384766, 49.02212905883789, 48.928348541259766, 48.827919006347656, 48.72087478637695, 48.60725784301758, 48.48714065551758, 48.3605842590332, 48.227684020996094, 48.08860397338867, 47.943382263183594, 47.791263580322266, 47.63256072998047, 47.46882247924805, 47.29985046386719, 47.127140045166016, 46.94984817504883, 46.81248474121094, 46.84585189819336, 46.99072265625, 47.152069091796875, 47.332916259765625, 47.4421501159668, 47.51832580566406, 47.51001739501953, 47.42888641357422, 47.285282135009766, 47.088340759277344, 46.84611892700195, 46.56572723388672, 46.25340270996094, 45.92085647583008, 45.57173156738281, 45.23933792114258, 44.922752380371094, 44.636329650878906, 44.40635299682617, 44.193572998046875, 44.00198745727539, 43.836849212646484, 43.69285202026367, 43.564231872558594, 43.446319580078125, 43.337928771972656, 43.23801040649414, 43.14006423950195, 43.043739318847656, 42.94865798950195, 42.856651306152344, 42.770355224609375, 42.68497085571289, 42.60009765625, 42.521427154541016, 42.446170806884766, 42.37079620361328, 42.2918701171875, 42.20713424682617, 42.10850143432617, 41.99687957763672, 41.87311935424805, 41.733680725097656, 41.58408737182617, 41.424930572509766, 41.256736755371094, 41.08186340332031, 40.92252731323242, 40.763919830322266, 40.6052360534668, 40.445987701416016, 40.285709381103516, 40.12372970581055, 39.95948028564453, 39.79317092895508, 39.62429428100586, 39.4503288269043, 39.27086639404297, 39.087459564208984, 38.90053176879883, 38.70927810668945, 38.51320266723633, 38.31201934814453, 38.107093811035156, 37.90011215209961, 37.686004638671875, 37.4625244140625, 37.2340202331543, 37.01466369628906, 36.802555084228516, 36.59603500366211, 36.39430236816406, 36.1886100769043, 35.97914123535156, 35.766109466552734, 35.54972457885742, 35.330223083496094, 35.117225646972656, 34.91161346435547, 34.70943832397461, 34.50993728637695, 34.30963897705078, 34.1013069152832, 33.886104583740234, 33.66707992553711, 33.443359375, 33.20297622680664, 32.94853973388672, 32.69541931152344, 32.43926239013672, 32.18013381958008, 31.917984008789062, 31.652685165405273, 31.381175994873047, 31.102994918823242, 30.82239532470703, 30.53856086730957, 30.24889373779297, 29.952877044677734, 29.651168823242188, 29.341503143310547, 29.030004501342773, 28.733671188354492, 28.43313217163086, 28.127138137817383, 27.814407348632812, 27.48252296447754, 27.13133430480957, 26.760610580444336, 26.381010055541992, 25.991647720336914, 25.59397315979004, 25.1826171875, 24.75566291809082, 24.31116485595703, 23.847944259643555, 23.356481552124023, 22.844669342041016, 22.31130027770996, 21.770774841308594, 21.219863891601562, 20.661909103393555, 20.09542465209961, 19.519254684448242, 18.93239402770996, 18.333881378173828, 17.722797393798828, 17.10190200805664, 16.46914291381836, 15.820995330810547, 15.1632661819458, 14.501394271850586, 13.839179992675781, 13.176901817321777, 12.525469779968262, 11.880170822143555, 11.252350807189941, 10.648136138916016, 10.074812889099121, 9.533931732177734, 9.028206825256348, 8.559231758117676, 8.120792388916016, 7.693166255950928, 7.272718906402588, 6.867894172668457, 6.484922885894775, 6.123409271240234, 5.782933235168457, 5.462983131408691, 5.176168918609619, 4.916308403015137, 4.674296855926514, 4.448110580444336, 4.204656600952148, 3.9921610355377197, 3.815990924835205, 3.673070192337036, 3.5438132286071777, 3.4153549671173096, 3.293689012527466, 3.180953025817871, 3.0667266845703125, 2.9694604873657227, 2.8955609798431396, 2.874178886413574, 2.8861608505249023, 2.912897825241089, 2.928248643875122, 2.9331798553466797, 2.9235386848449707, 2.901533603668213, 2.8693854808807373, 2.829249143600464, 2.783137559890747, 2.758692502975464, 2.7530598640441895, 2.7600936889648438, 2.781916618347168, 2.7911908626556396, 2.782623767852783, 2.7584621906280518, 2.731271982192993, 2.701650857925415, 2.683455467224121, 2.681705951690674, 2.667463779449463, 2.639678478240967, 2.6338260173797607, 2.650305986404419, 2.659761905670166, 2.6630396842956543, 2.651578426361084, 2.6266109943389893, 2.6169981956481934, 2.6209557056427, 2.638174295425415, 2.6540167331695557, 2.6687474250793457, 2.6492133140563965, 2.613823890686035, 2.6161043643951416, 2.6565139293670654, 2.680633544921875, 2.685269355773926, 2.6724672317504883, 2.64357590675354, 2.6206679344177246, 2.596478223800659, 2.5850839614868164, 2.5877578258514404, 2.5831944942474365, 2.583706855773926, 2.5713796615600586, 2.5672385692596436, 2.533735513687134, 2.531134843826294, 2.549701452255249, 2.5562472343444824, 2.569626808166504, 2.570648670196533, 2.5453858375549316, 2.5018057823181152, 2.501546621322632, 2.5403618812561035, 2.556522846221924, 2.505497694015503, 2.5018210411071777, 2.533872127532959, 2.544280767440796, 2.4995017051696777, 2.4861021041870117, 2.4961161613464355, 2.523247003555298, 2.504390001296997, 2.4397199153900146, 2.4335548877716064, 2.469848155975342, 2.4912173748016357, 2.4697580337524414, 2.447537899017334, 2.47537899017334, 2.5003316402435303, 2.4721591472625732, 2.4382247924804688, 2.4356582164764404, 2.4720306396484375, 2.509104013442993, 2.4824931621551514, 2.4229328632354736, 2.440006971359253, 2.4878976345062256, 2.480802059173584, 2.4571237564086914, 2.4886908531188965, 2.513890027999878, 2.4490549564361572, 2.4430084228515625, 2.4854488372802734, 2.5133626461029053, 2.4700682163238525, 2.448578357696533, 2.4999916553497314, 2.5447356700897217, 2.507567882537842, 2.456836462020874, 2.4665462970733643, 2.5186967849731445, 2.515711545944214, 2.4779739379882812, 2.499854803085327, 2.539454460144043, 2.4917213916778564, 2.442178726196289, 2.46486496925354, 2.5275697708129883, 2.5142877101898193, 2.4606237411499023, 2.4769158363342285, 2.533928394317627, 2.4952826499938965, 2.475074529647827, 2.476475954055786, 2.4781901836395264, 2.4755146503448486, 2.492938280105591, 2.518747091293335, 2.4689741134643555, 2.4564547538757324, 2.4942374229431152, 2.4783995151519775, 2.428656578063965, 2.435594081878662, 2.4861464500427246, 2.508737087249756, 2.4678924083709717, 2.416563034057617, 2.4329957962036133, 2.4931459426879883, 2.505542278289795, 2.434631586074829, 2.44862699508667, 2.511955976486206, 2.487818479537964, 2.419722080230713, 2.420229911804199, 2.490596055984497, 2.5096564292907715, 2.4639346599578857, 2.4058051109313965, 2.424852132797241, 2.492246150970459, 2.52339768409729, 2.490058660507202, 2.437472343444824, 2.4587459564208984, 2.4958913326263428, 2.5055489540100098, 2.464442491531372, 2.435731887817383, 2.447253942489624, 2.5037596225738525, 2.487823963165283, 2.438711404800415, 2.4449334144592285, 2.4626686573028564, 2.470547676086426, 2.4607932567596436, 2.457033157348633, 2.4591543674468994, 2.4445557594299316, 2.471466302871704, 2.465406894683838, 2.4686062335968018, 2.467349052429199, 2.459493398666382, 2.4735639095306396, 2.476527452468872, 2.4784111976623535, 2.4889976978302, 2.4770402908325195, 2.480496644973755, 2.4514706134796143, 2.454024314880371]

