Name : 2024.09.04.15.12.15
Type : mo_asy

Batch size : 1000
Epochs : 200
Validation split : 0.2
Feats : 12
Res list : ['er_idf']
Train size : 49
Val size : 25
Test size : 25
Split type : dep
Additional info : [['92', '75', '9293', '9394'], ['93', '7594'], ['94', '7592']]

Test root_mean_squared_error : 0.6985142230987549
Test loss : 0.43761730194091797

Summary :

Model: "functional"
+--------------------------------------------------------------------------------------+
| Layer (type)                         | Output Shape                |         Param # |
|--------------------------------------+-----------------------------+-----------------|
| input_layer (InputLayer)             | (None, 12)                  |               0 |
|--------------------------------------+-----------------------------+-----------------|
| dense (Dense)                        | (None, 50)                  |             650 |
|--------------------------------------+-----------------------------+-----------------|
| dense_1 (Dense)                      | (None, 50)                  |           2,550 |
|--------------------------------------+-----------------------------+-----------------|
| dense_2 (Dense)                      | (None, 50)                  |           2,550 |
|--------------------------------------+-----------------------------+-----------------|
| er_idf (Dense)                       | (None, 1)                   |              51 |
+--------------------------------------------------------------------------------------+
 Total params: 17,405 (67.99 KB)
 Trainable params: 5,801 (22.66 KB)
 Non-trainable params: 0 (0.00 B)
 Optimizer params: 11,604 (45.33 KB)

root_mean_squared_error : [7.66644811630249, 7.707368850708008, 7.749538898468018, 7.785208702087402, 7.810907363891602, 7.831387519836426, 7.848678112030029, 7.861517906188965, 7.871189117431641, 7.878502368927002, 7.877440452575684, 7.869291305541992, 7.850793361663818, 7.816169261932373, 7.765429973602295, 7.700340747833252, 7.629179000854492, 7.555356025695801, 7.479072570800781, 7.400203227996826, 7.320695400238037, 7.242996692657471, 7.166647911071777, 7.091381549835205, 7.022167205810547, 6.95635986328125, 6.888088226318359, 6.814476490020752, 6.7303619384765625, 6.633572101593018, 6.527760028839111, 6.416080951690674, 6.31184196472168, 6.2131195068359375, 6.119518280029297, 6.023130416870117, 5.916958332061768, 5.798518180847168, 5.669422149658203, 5.526925086975098, 5.380302429199219, 5.234107494354248, 5.079370498657227, 4.896699905395508, 4.704898357391357, 4.517565727233887, 4.3287811279296875, 4.125880718231201, 3.9067816734313965, 3.673712968826294, 3.466935157775879, 3.2510826587677, 3.027991771697998, 2.808884859085083, 2.5764410495758057, 2.3530445098876953, 2.1598174571990967, 1.9956694841384888, 1.8545576333999634, 1.7349251508712769, 1.6364359855651855, 1.5580406188964844, 1.4892616271972656, 1.429851770401001, 1.379244327545166, 1.3249921798706055, 1.286154866218567, 1.2745591402053833, 1.2753615379333496, 1.262349009513855, 1.2294178009033203, 1.1962804794311523, 1.1767610311508179, 1.1594237089157104, 1.1434632539749146, 1.1328927278518677, 1.1147576570510864, 1.0807527303695679, 1.0424171686172485, 1.0002779960632324, 0.961970865726471, 0.9462195038795471, 0.9006137251853943, 0.844481348991394, 0.8234792351722717, 0.8039517998695374, 0.7688977718353271, 0.7567772269248962, 0.7754521369934082, 0.7736643552780151, 0.7420154213905334, 0.7251471877098083, 0.7217758297920227, 0.723616898059845, 0.74465012550354, 0.7732023596763611, 0.73769211769104, 0.6879541277885437, 0.6740828156471252, 0.6565766334533691, 0.6585848927497864, 0.661594808101654, 0.6524806618690491, 0.642349123954773, 0.6316644549369812, 0.6454253196716309, 0.6554608941078186, 0.6698739528656006, 0.6637742519378662, 0.6405603289604187, 0.6234888434410095, 0.6122512817382812, 0.6193476319313049, 0.6358636021614075, 0.6414887309074402, 0.6251846551895142, 0.6278038024902344, 0.6373590230941772, 0.6593819260597229, 0.6726110577583313, 0.647257387638092, 0.6247069835662842, 0.6198169589042664, 0.6225173473358154, 0.6095747947692871, 0.6048809289932251, 0.6096341013908386, 0.6283814311027527, 0.6361420750617981, 0.6169369220733643, 0.6084907054901123, 0.6085250377655029, 0.6112677454948425, 0.6005681157112122, 0.593327522277832, 0.6010706424713135, 0.620998203754425, 0.6106467843055725, 0.5983481407165527, 0.6024928092956543, 0.5988609790802002, 0.5783720016479492, 0.5709863901138306, 0.5752907395362854, 0.5836193561553955, 0.5880760550498962, 0.6007965207099915, 0.5848786234855652, 0.5734847187995911, 0.5741910934448242, 0.577714741230011, 0.5594766139984131, 0.5574400424957275, 0.5657354593276978, 0.569500744342804, 0.5730781555175781, 0.5788509249687195, 0.5555570721626282, 0.5372594594955444, 0.5406976938247681, 0.565680205821991, 0.5437290072441101, 0.5271700024604797, 0.5334683656692505, 0.5493485927581787, 0.5706095695495605, 0.5489835143089294, 0.5180128216743469, 0.511099100112915, 0.5227748155593872, 0.5167312026023865, 0.5050668716430664, 0.5080609917640686, 0.5230661630630493, 0.5436669588088989, 0.5226421356201172, 0.5078391432762146, 0.5022343397140503, 0.5044199824333191, 0.5076143145561218, 0.5225608348846436, 0.5308900475502014, 0.5086548328399658, 0.5020242929458618, 0.49067750573158264, 0.5075570344924927, 0.5198508501052856, 0.48098519444465637, 0.47346338629722595, 0.46659526228904724, 0.47412291169166565, 0.5111802220344543, 0.48761501908302307, 0.46638551354408264, 0.47053608298301697, 0.4856146574020386, 0.5056880116462708, 0.470120906829834, 0.44130319356918335, 0.4378982186317444]

Loss : [4.824374675750732, 4.751188278198242, 4.698245525360107, 4.650758266448975, 4.610344886779785, 4.568465709686279, 4.527930736541748, 4.486511707305908, 4.443666934967041, 4.403882026672363, 4.371765613555908, 4.341493129730225, 4.314154624938965, 4.286511421203613, 4.256889343261719, 4.224307537078857, 4.191859722137451, 4.161192417144775, 4.129380702972412, 4.095513343811035, 4.063371658325195, 4.027100086212158, 3.9864916801452637, 3.9438416957855225, 3.901919364929199, 3.8600523471832275, 3.8177812099456787, 3.7753634452819824, 3.729524850845337, 3.677354097366333, 3.620964288711548, 3.567063093185425, 3.510408401489258, 3.4475924968719482, 3.379234552383423, 3.3093931674957275, 3.2341597080230713, 3.157045602798462, 3.080512523651123, 2.9971697330474854, 2.9079153537750244, 2.814650774002075, 2.7206482887268066, 2.615586996078491, 2.51106595993042, 2.4047112464904785, 2.2923595905303955, 2.1729040145874023, 2.0477755069732666, 1.9363458156585693, 1.8151357173919678, 1.705817699432373, 1.5950525999069214, 1.4981807470321655, 1.3963338136672974, 1.3099019527435303, 1.2380937337875366, 1.1828609704971313, 1.1337051391601562, 1.0907971858978271, 1.0594217777252197, 1.0268992185592651, 0.9812942743301392, 0.9368993639945984, 0.9179940223693848, 0.8762174844741821, 0.8280431628227234, 0.786034345626831, 0.7714287638664246, 0.7709962725639343, 0.7435391545295715, 0.7166692018508911, 0.7119519710540771, 0.6963961720466614, 0.6668363213539124, 0.6490796208381653, 0.6377246975898743, 0.6039466857910156, 0.5835670828819275, 0.5551600456237793, 0.5091219544410706, 0.5207882523536682, 0.49270233511924744, 0.4835474491119385, 0.502230167388916, 0.49822336435317993, 0.46802663803100586, 0.44318464398384094, 0.4622720181941986, 0.4483069181442261, 0.40865567326545715, 0.4052344262599945, 0.414850652217865, 0.4017592966556549, 0.39140358567237854, 0.4234054386615753, 0.3953612148761749, 0.38609832525253296, 0.4084685444831848, 0.38134342432022095, 0.3840987980365753, 0.38686665892601013, 0.3779776692390442, 0.37042176723480225, 0.35529306530952454, 0.37651723623275757, 0.3506343960762024, 0.3651922643184662, 0.3591427803039551, 0.3376437723636627, 0.3469274342060089, 0.3373875617980957, 0.33605268597602844, 0.33945122361183167, 0.3394673764705658, 0.3245380222797394, 0.33624306321144104, 0.3223036527633667, 0.3239727020263672, 0.3344195485115051, 0.3108046054840088, 0.3153247535228729, 0.30377569794654846, 0.30780503153800964, 0.3031988739967346, 0.29990679025650024, 0.29986169934272766, 0.29523807764053345, 0.3038780093193054, 0.28842777013778687, 0.29519426822662354, 0.28242307901382446, 0.2902555763721466, 0.2857297360897064, 0.2854146957397461, 0.28669852018356323, 0.2854074537754059, 0.2734886109828949, 0.2851102352142334, 0.2736892104148865, 0.27647632360458374, 0.279438316822052, 0.2723599970340729, 0.2718127965927124, 0.267102986574173, 0.26767855882644653, 0.277263879776001, 0.26730191707611084, 0.27520832419395447, 0.26573148369789124, 0.26864632964134216, 0.26012927293777466, 0.2664409577846527, 0.26931434869766235, 0.26084697246551514, 0.271437406539917, 0.26083874702453613, 0.2772110402584076, 0.2601519525051117, 0.26409733295440674, 0.2772268056869507, 0.26974573731422424, 0.25448116660118103, 0.2660003900527954, 0.2544265687465668, 0.27657410502433777, 0.258725643157959, 0.25820761919021606, 0.2496797740459442, 0.25986865162849426, 0.25693628191947937, 0.24180293083190918, 0.2544538676738739, 0.24266307055950165, 0.25656381249427795, 0.23716063797473907, 0.24058738350868225, 0.24981573224067688, 0.23971639573574066, 0.24879463016986847, 0.23150481283664703, 0.25149792432785034, 0.23417727649211884, 0.258755624294281, 0.23604144155979156, 0.2645401060581207, 0.26494038105010986, 0.22824439406394958, 0.2668013572692871, 0.25723156332969666, 0.24053916335105896, 0.2657413184642792, 0.23542135953903198, 0.24629610776901245, 0.2551523745059967, 0.22862745821475983, 0.25743427872657776, 0.24410457909107208, 0.22673717141151428, 0.23992863297462463]

Validation root_mean_squared_error : [7.941446781158447, 8.022611618041992, 8.092552185058594, 8.147124290466309, 8.19278335571289, 8.232537269592285, 8.264519691467285, 8.29092788696289, 8.313222885131836, 8.326157569885254, 8.331295013427734, 8.325695037841797, 8.302045822143555, 8.260248184204102, 8.20133113861084, 8.136019706726074, 8.068023681640625, 7.998295307159424, 7.926665782928467, 7.856136798858643, 7.790039539337158, 7.727697372436523, 7.668644428253174, 7.618435859680176, 7.573354721069336, 7.525710582733154, 7.4723405838012695, 7.404721260070801, 7.319535255432129, 7.222122669219971, 7.116659164428711, 7.022590637207031, 6.938548564910889, 6.864150047302246, 6.789046764373779, 6.7024664878845215, 6.598909378051758, 6.481950283050537, 6.349384307861328, 6.215219020843506, 6.085522174835205, 5.947756767272949, 5.770511627197266, 5.584317684173584, 5.408958911895752, 5.2329511642456055, 5.036732196807861, 4.817818641662598, 4.5783562660217285, 4.3808207511901855, 4.16867733001709, 3.943957567214966, 3.718303918838501, 3.461975336074829, 3.205256938934326, 2.982332706451416, 2.7805335521698, 2.584061861038208, 2.393972158432007, 2.2256412506103516, 2.0710103511810303, 1.9204590320587158, 1.7778973579406738, 1.6553047895431519, 1.5684318542480469, 1.517608404159546, 1.517950177192688, 1.5440819263458252, 1.5518851280212402, 1.5357714891433716, 1.5173845291137695, 1.5117379426956177, 1.5393102169036865, 1.5979670286178589, 1.6546860933303833, 1.6841591596603394, 1.6724413633346558, 1.6326704025268555, 1.611025333404541, 1.621275544166565, 1.6401710510253906, 1.5926697254180908, 1.5049585103988647, 1.466582179069519, 1.4587643146514893, 1.4694368839263916, 1.5116010904312134, 1.5786749124526978, 1.5947009325027466, 1.5511220693588257, 1.4940849542617798, 1.4574471712112427, 1.460747241973877, 1.5067574977874756, 1.5213276147842407, 1.4576820135116577, 1.366023063659668, 1.3200465440750122, 1.2972983121871948, 1.3021786212921143, 1.3184092044830322, 1.3251762390136719, 1.3246747255325317, 1.3052642345428467, 1.3213133811950684, 1.3734132051467896, 1.40336012840271, 1.3945127725601196, 1.351027011871338, 1.298657774925232, 1.280418872833252, 1.3006194829940796, 1.3114631175994873, 1.2971930503845215, 1.2624142169952393, 1.2483118772506714, 1.249047040939331, 1.2726789712905884, 1.285438060760498, 1.258849024772644, 1.2219257354736328, 1.2261296510696411, 1.227973461151123, 1.2085464000701904, 1.188524842262268, 1.1784939765930176, 1.207446575164795, 1.2086514234542847, 1.1608134508132935, 1.1383827924728394, 1.1423879861831665, 1.1482138633728027, 1.1193435192108154, 1.1027815341949463, 1.1151880025863647, 1.1420890092849731, 1.1242997646331787, 1.1033813953399658, 1.1142206192016602, 1.1092514991760254, 1.0786762237548828, 1.0680570602416992, 1.074819564819336, 1.0871860980987549, 1.0832921266555786, 1.0853724479675293, 1.0601729154586792, 1.0509142875671387, 1.0582650899887085, 1.0636783838272095, 1.0469921827316284, 1.0512210130691528, 1.0621061325073242, 1.0741345882415771, 1.0798149108886719, 1.077248215675354, 1.0261058807373047, 1.0056527853012085, 1.0178946256637573, 1.049880027770996, 1.0217498540878296, 1.0098748207092285, 1.0272620916366577, 1.0514981746673584, 1.0639972686767578, 1.036706566810608, 0.9944010972976685, 0.9876195788383484, 1.0019007921218872, 0.9935566782951355, 0.9860522747039795, 0.9811319708824158, 0.9891836643218994, 1.0014503002166748, 0.9696031212806702, 0.9349284768104553, 0.9142431020736694, 0.9235638380050659, 0.9289900064468384, 0.9435247778892517, 0.9511194825172424, 0.944763720035553, 0.9459435939788818, 0.9355930089950562, 0.9339699745178223, 0.9522961974143982, 0.9194729924201965, 0.8872458934783936, 0.8769582509994507, 0.8941729068756104, 0.9413637518882751, 0.9257926940917969, 0.8900917768478394, 0.8886394500732422, 0.9233877062797546, 0.9363037943840027, 0.8927553296089172, 0.8717377185821533, 0.870023250579834, 0.8563856482505798]

Validation loss : [5.156320095062256, 5.140690803527832, 5.112982273101807, 5.094649791717529, 5.0779547691345215, 5.069785118103027, 5.077376842498779, 5.0854811668396, 5.10728645324707, 5.124457836151123, 5.137740612030029, 5.145662307739258, 5.14192008972168, 5.126354217529297, 5.09876012802124, 5.065499782562256, 5.029422760009766, 4.993356227874756, 4.95710563659668, 4.922747611999512, 4.892157077789307, 4.864782333374023, 4.840228080749512, 4.820073127746582, 4.801148414611816, 4.779539108276367, 4.754798412322998, 4.720983028411865, 4.675670623779297, 4.622546672821045, 4.56428337097168, 4.511743068695068, 4.463404178619385, 4.418999195098877, 4.375358581542969, 4.327386379241943, 4.2708048820495605, 4.203429222106934, 4.1258368492126465, 4.0467047691345215, 3.969033718109131, 3.8852880001068115, 3.7766165733337402, 3.657639741897583, 3.5461199283599854, 3.4315624237060547, 3.3015356063842773, 3.1550281047821045, 2.9946439266204834, 2.8542702198028564, 2.704209089279175, 2.547133445739746, 2.3924918174743652, 2.2495665550231934, 2.172308921813965, 2.0945303440093994, 2.0184121131896973, 1.9311376810073853, 1.83381986618042, 1.716148853302002, 1.574264645576477, 1.4269378185272217, 1.276487112045288, 1.132957100868225, 0.9903500080108643, 0.9012356400489807, 0.8905701637268066, 0.893248438835144, 0.8912515044212341, 0.8391110301017761, 0.7851271033287048, 0.7944404482841492, 0.83233243227005, 0.8686460256576538, 0.9107801914215088, 0.9422871470451355, 0.9466804265975952, 0.9504791498184204, 0.9395686388015747, 0.9418495893478394, 0.9720906019210815, 0.9781676530838013, 0.9540264010429382, 0.9460141062736511, 0.9478461742401123, 0.9539336562156677, 0.9717459082603455, 1.0043306350708008, 1.014401912689209, 0.9944709539413452, 0.9588040709495544, 0.9430102705955505, 0.9246847629547119, 0.9272208213806152, 0.955475926399231, 0.9046697020530701, 0.8200974464416504, 0.7885586023330688, 0.7769099473953247, 0.814775824546814, 0.836973249912262, 0.8314468264579773, 0.8158790469169617, 0.8135626912117004, 0.8475101590156555, 0.8669618964195251, 0.8804705142974854, 0.8751645684242249, 0.8520853519439697, 0.8293330669403076, 0.8026675581932068, 0.8000308871269226, 0.8181459903717041, 0.8144503235816956, 0.7848961353302002, 0.7511307597160339, 0.7551950216293335, 0.7884565591812134, 0.8003329634666443, 0.7622716426849365, 0.7386335730552673, 0.7481255531311035, 0.756275475025177, 0.7332690954208374, 0.717129111289978, 0.7276419997215271, 0.7371659278869629, 0.7294479608535767, 0.713778018951416, 0.7119300365447998, 0.6965253949165344, 0.6951045989990234, 0.6928964853286743, 0.6831120848655701, 0.676256537437439, 0.7063493132591248, 0.6907379627227783, 0.6765567660331726, 0.6873427033424377, 0.693063497543335, 0.6610278487205505, 0.6622380018234253, 0.6738340258598328, 0.6775152087211609, 0.6734222173690796, 0.6892433166503906, 0.6706706285476685, 0.6462506055831909, 0.6614270210266113, 0.6715580224990845, 0.6506038904190063, 0.650574266910553, 0.6720722913742065, 0.671875536441803, 0.6562741994857788, 0.665607750415802, 0.6564258337020874, 0.6252694725990295, 0.6266427040100098, 0.6749407052993774, 0.6569262742996216, 0.6304659843444824, 0.626537024974823, 0.6526069045066833, 0.6792064905166626, 0.6661982536315918, 0.6287319660186768, 0.6139022707939148, 0.643180787563324, 0.6377683281898499, 0.6137874126434326, 0.606578528881073, 0.626865029335022, 0.6389764547348022, 0.6064175367355347, 0.5846750140190125, 0.5829523801803589, 0.5811798572540283, 0.5716297030448914, 0.592237651348114, 0.6102652549743652, 0.5974926948547363, 0.5879639387130737, 0.5856660604476929, 0.6104749441146851, 0.6214163899421692, 0.5823351144790649, 0.562069833278656, 0.5661392211914062, 0.5876663327217102, 0.6216179728507996, 0.6001496911048889, 0.5755149722099304, 0.5690180063247681, 0.5958884954452515, 0.6295599937438965, 0.5978189706802368, 0.5648820996284485, 0.5581064820289612, 0.5620018243789673]

Train : [['100001', '100002', '100003', '100004', '100005', '100043', '100044', '100045', '100006', '100101', '100007', '100102', '100048', '100128', '100049', '100129', '100075', '100151', '100076', '100152', '100084', '100160', '100085', '100008', '100009', '100050', '100051', '100077', '100078', '100086', '100087', '100010', '100011', '100052', '100053', '100079', '100080', '100088', '100089', '100012', '100013', '100056', '100081', '100082', '100090', '100091', '100014', '100083', '100092']]

Test  : [['100015', '100016', '100017', '100020', '100110', '100021', '100111', '100066', '100144', '100067', '100145', '100022', '100023', '100068', '100069', '100024', '100025', '100070', '100071', '100026', '100027', '100072', '100073', '100028', '100074']]

Val  : [['100029', '100030', '100031', '100034', '100119', '100035', '100120', '100057', '100137', '100058', '100138', '100036', '100037', '100059', '100060', '100038', '100039', '100061', '100062', '100040', '100041', '100063', '100064', '100042', '100065']]

