Folder :
emissions\drz_75105_nores_split
All :
169163802.46510187
Inside :
0.0
All dist :
[39786222.715239, 40555480.66637812, 24736175.16028165, 14625084.582752183, 10773898.136275914, 25932091.282106176, 6421844.788519879, 2813595.25919474, 1321663.7519605053, 2197746.122400011]
Inside dist :
[0, 0, 0, 0, 0, 0, 0, 0, 0, 0]
All heure :
[0, 0, 0, 75286.47561042699, 666281.1313268248, 2083049.3961927244, 5910333.737474, 11196309.125370238, 14629324.653903166, 11929842.999804776, 8357764.214644071, 7517966.275587876, 7588309.123311165, 8293980.950036759, 8288698.986977512, 8622258.544277063, 10909994.27892582, 13734912.793482054, 14477162.201908259, 12478960.201790528, 9280002.736584641, 5812270.888540945, 3577193.3728868375, 1944168.1144629023, 891053.6951855877, 495022.46101949754, 268949.5112083881, 114215.02208063783, 20035.089619495815, 456.48289074766035]
Inside heure :
[0, 0, 0, 0, 0, 0, 0, 0, 0, 0, 0, 0, 0, 0, 0, 0, 0, 0, 0, 0, 0, 0, 0, 0, 0, 0, 0, 0, 0, 0]
Total time :
100.60125088691711
