Name : 2024.09.04.15.19.18
Type : mo_asy

Batch size : 1000
Epochs : 200
Validation split : 0.2
Feats : 12
Res list : ['er_idf']
Train size : 49
Val size : 25
Test size : 25
Split type : dep
Additional info : [['92', '75', '9293', '9394'], ['93', '7594'], ['94', '7592']]

Test root_mean_squared_error : 0.5771786570549011
Test loss : 0.3802952170372009

Summary :

Model: "functional"
+--------------------------------------------------------------------------------------+
| Layer (type)                         | Output Shape                |         Param # |
|--------------------------------------+-----------------------------+-----------------|
| input_layer (InputLayer)             | (None, 12)                  |               0 |
|--------------------------------------+-----------------------------+-----------------|
| dense (Dense)                        | (None, 512)                 |           6,656 |
|--------------------------------------+-----------------------------+-----------------|
| dense_1 (Dense)                      | (None, 256)                 |         131,328 |
|--------------------------------------+-----------------------------+-----------------|
| dense_2 (Dense)                      | (None, 128)                 |          32,896 |
|--------------------------------------+-----------------------------+-----------------|
| er_idf (Dense)                       | (None, 1)                   |             129 |
+--------------------------------------------------------------------------------------+
 Total params: 513,029 (1.96 MB)
 Trainable params: 171,009 (668.00 KB)
 Non-trainable params: 0 (0.00 B)
 Optimizer params: 342,020 (1.30 MB)

root_mean_squared_error : [7.7090864181518555, 8.359405517578125, 7.991765022277832, 7.3355488777160645, 6.758665561676025, 6.364038944244385, 6.047215461730957, 5.744755744934082, 5.342782497406006, 4.887358665466309, 4.289853572845459, 3.7531371116638184, 3.4775779247283936, 3.3452632427215576, 3.2316672801971436, 3.1631875038146973, 3.0387778282165527, 2.7007980346679688, 2.4329397678375244, 2.159346103668213, 1.821431279182434, 1.5770753622055054, 1.4674994945526123, 1.319214105606079, 1.1390941143035889, 0.9469645023345947, 0.8873674273490906, 0.9430696368217468, 0.9523379802703857, 1.0034873485565186, 1.127562165260315, 1.2955138683319092, 1.2190700769424438, 1.0552502870559692, 1.012900948524475, 0.9813639521598816, 1.0026787519454956, 0.8707301020622253, 0.7571086287498474, 0.7592000365257263, 0.7363786101341248, 0.7713294625282288, 0.7474502921104431, 0.6790360808372498, 0.705011248588562, 0.7117317914962769, 0.6892404556274414, 0.7618262767791748, 0.6695258021354675, 0.6300362348556519, 0.6123142838478088, 0.6801168322563171, 0.6317442059516907, 0.5970438122749329, 0.5729347467422485, 0.5862325429916382, 0.615550696849823, 0.6137405037879944, 0.629493236541748, 0.6215136051177979, 0.5563963651657104, 0.5577766299247742, 0.48863485455513, 0.5907512307167053, 0.5263563990592957, 0.6484507322311401, 0.5937232971191406, 0.5261890888214111, 0.5211081504821777, 0.5274674296379089, 0.5739580988883972, 0.5553014874458313, 0.4979247450828552, 0.5542913675308228, 0.5279194116592407, 0.6243760585784912, 0.4735037088394165, 0.5902084112167358, 0.5612010359764099, 0.45309314131736755, 0.6385018825531006, 0.47797319293022156, 0.5854029655456543, 0.5345117449760437, 0.49620336294174194, 0.6276225447654724, 0.4687002897262573, 0.5564630031585693, 0.4552765488624573, 0.49704089760780334, 0.541422426700592, 0.4230213761329651, 0.48226508498191833, 0.41186556220054626, 0.49579980969429016, 0.4441719949245453, 0.41760119795799255, 0.39943739771842957, 0.4384673833847046, 0.41557133197784424, 0.40031135082244873, 0.4022767245769501, 0.44436946511268616, 0.4164857864379883, 0.39412200450897217, 0.37428051233291626, 0.43634799122810364, 0.41113677620887756, 0.38326290249824524, 0.3898910582065582, 0.4133453965187073, 0.4222882390022278, 0.4306977093219757, 0.3837692439556122, 0.6193063259124756, 0.4969034194946289, 0.47503000497817993, 0.6199051141738892, 0.37841737270355225, 0.6445556282997131, 0.5779545307159424, 0.3751419484615326, 0.4730801284313202, 0.4111662209033966, 0.41915109753608704, 0.46503034234046936, 0.3781692385673523, 0.4346315860748291, 0.3614887297153473, 0.4090222120285034, 0.38263216614723206, 0.3538433015346527, 0.4045514762401581, 0.3399142026901245, 0.4213361144065857, 0.3604356348514557, 0.3805704712867737, 0.3977307379245758, 0.36364808678627014, 0.3427221477031708, 0.3621412515640259, 0.3632260859012604, 0.3292846381664276, 0.34031355381011963, 0.3463306128978729, 0.3309263288974762, 0.3487703800201416, 0.3734075725078583, 0.33110710978507996, 0.3506140410900116, 0.3406751751899719, 0.4278782606124878, 0.3328780233860016, 0.4414031207561493, 0.39305388927459717, 0.4415431618690491, 0.4232883155345917, 0.40613940358161926, 0.41582372784614563, 0.39849647879600525, 0.45749858021736145, 0.33684518933296204, 0.3332539498806, 0.349932461977005, 0.308907151222229, 0.3475019931793213, 0.314727783203125, 0.38594549894332886, 0.35186418890953064, 0.3368702232837677, 0.33504942059516907, 0.31513261795043945, 0.310234397649765, 0.2759614586830139, 0.32520538568496704, 0.3066653609275818, 0.4355123043060303, 0.3617662787437439, 0.3923822343349457, 0.3096657395362854, 0.4243779182434082, 0.318279504776001, 0.39836156368255615, 0.3664662539958954, 0.4498918950557709, 0.3668019771575928, 0.31705033779144287, 0.3106076121330261, 0.34071415662765503, 0.38467854261398315, 0.36660605669021606, 0.352929025888443, 0.32129842042922974, 0.36775392293930054, 0.3462876081466675, 0.3364197611808777, 0.31516245007514954, 0.2828989028930664, 0.32933539152145386, 0.3168911635875702]

Loss : [4.748577117919922, 4.640685558319092, 4.467723846435547, 4.322051048278809, 4.239770889282227, 4.1036505699157715, 3.932644844055176, 3.771662473678589, 3.5766208171844482, 3.3674843311309814, 3.0958893299102783, 2.8042256832122803, 2.614647150039673, 2.4762089252471924, 2.2607638835906982, 2.145681381225586, 2.1285877227783203, 1.853363037109375, 1.6833089590072632, 1.549395203590393, 1.2870362997055054, 1.1460256576538086, 1.0791767835617065, 0.9809476137161255, 0.8479317426681519, 0.7504295110702515, 0.7073224782943726, 0.6593521237373352, 0.7052072286605835, 0.7843394875526428, 0.7818350791931152, 0.8050543069839478, 0.6975092887878418, 0.6870993971824646, 0.7129817605018616, 0.630459189414978, 0.6286826729774475, 0.5722975730895996, 0.5481413006782532, 0.5601699352264404, 0.4795616567134857, 0.50797438621521, 0.4667394161224365, 0.4892476201057434, 0.5399748682975769, 0.5396087765693665, 0.5041297674179077, 0.5310253500938416, 0.4431534707546234, 0.4485379457473755, 0.4123761057853699, 0.42032575607299805, 0.40579643845558167, 0.40418896079063416, 0.38205182552337646, 0.3783835172653198, 0.373680979013443, 0.3908974528312683, 0.39189520478248596, 0.34741079807281494, 0.3372650444507599, 0.4084257483482361, 0.3376027047634125, 0.4915589392185211, 0.3788846731185913, 0.4941321015357971, 0.44192856550216675, 0.39964836835861206, 0.40075355768203735, 0.38633599877357483, 0.40142977237701416, 0.3741627633571625, 0.35076624155044556, 0.4215296506881714, 0.3578343391418457, 0.4262290894985199, 0.30509352684020996, 0.4596782326698303, 0.42427849769592285, 0.3476714789867401, 0.5008228421211243, 0.3023337721824646, 0.45707425475120544, 0.4118492603302002, 0.34958380460739136, 0.4188052713871002, 0.32081857323646545, 0.4341495931148529, 0.33724236488342285, 0.3431543707847595, 0.3772815763950348, 0.30278852581977844, 0.3576321601867676, 0.28189533948898315, 0.32406511902809143, 0.2851369380950928, 0.2977357506752014, 0.27477726340293884, 0.2962152659893036, 0.2727530002593994, 0.2856103479862213, 0.2806757390499115, 0.27250802516937256, 0.26765695214271545, 0.28381863236427307, 0.25621506571769714, 0.2796023190021515, 0.2650351822376251, 0.26281875371932983, 0.269523024559021, 0.27505871653556824, 0.25388410687446594, 0.34477680921554565, 0.26436054706573486, 0.42494985461235046, 0.331943541765213, 0.3716944456100464, 0.4923906922340393, 0.282122939825058, 0.47523361444473267, 0.4079968333244324, 0.27810603380203247, 0.35479986667633057, 0.3132360279560089, 0.31815066933631897, 0.32316091656684875, 0.26564276218414307, 0.32944822311401367, 0.2537374198436737, 0.28736671805381775, 0.2730729877948761, 0.25975677371025085, 0.3035500645637512, 0.24326476454734802, 0.2871984839439392, 0.2489423006772995, 0.2797699570655823, 0.24800187349319458, 0.23950421810150146, 0.26067915558815, 0.2637496590614319, 0.2566269636154175, 0.23649755120277405, 0.22056344151496887, 0.2212265580892563, 0.22869904339313507, 0.24771849811077118, 0.2509945034980774, 0.2457517832517624, 0.2722857594490051, 0.23367947340011597, 0.31704527139663696, 0.26127979159355164, 0.37667715549468994, 0.319898784160614, 0.36020365357398987, 0.3300468623638153, 0.3144294023513794, 0.33034464716911316, 0.3090790808200836, 0.3502035439014435, 0.23952025175094604, 0.2649822235107422, 0.2892090678215027, 0.2517148554325104, 0.2535597085952759, 0.2054169923067093, 0.3041808009147644, 0.25058820843696594, 0.26809531450271606, 0.25623035430908203, 0.2573455572128296, 0.23393861949443817, 0.20541325211524963, 0.25116103887557983, 0.1982605755329132, 0.34305697679519653, 0.2921336889266968, 0.309709757566452, 0.2531082034111023, 0.3381098210811615, 0.24537259340286255, 0.32846376299858093, 0.29238227009773254, 0.32619336247444153, 0.2883123755455017, 0.22568926215171814, 0.22574132680892944, 0.26329246163368225, 0.26148319244384766, 0.2916097342967987, 0.279561847448349, 0.2482103407382965, 0.2542499899864197, 0.28773751854896545, 0.27823004126548767, 0.265222430229187, 0.20578306913375854, 0.2828240990638733, 0.25481101870536804]

Validation root_mean_squared_error : [8.974188804626465, 8.752760887145996, 8.185977935791016, 7.680696487426758, 7.409961700439453, 7.274198055267334, 7.189537048339844, 7.010847091674805, 6.768101692199707, 6.305681228637695, 5.817811012268066, 5.4617533683776855, 5.380215167999268, 5.444413661956787, 5.548820972442627, 5.239962577819824, 4.598394870758057, 3.99741268157959, 3.498544931411743, 3.1372082233428955, 2.806689977645874, 2.535541534423828, 2.2141478061676025, 1.8596317768096924, 1.325705647468567, 0.9027253985404968, 0.8178099989891052, 0.8247414231300354, 0.8693674802780151, 0.8519196510314941, 0.8734327554702759, 0.7134695053100586, 0.5519073605537415, 0.5412205457687378, 0.5086454749107361, 0.5975540280342102, 0.6700283885002136, 0.8356194496154785, 1.03134024143219, 1.1093618869781494, 1.1579488515853882, 1.3030439615249634, 1.3339203596115112, 1.2864623069763184, 1.2253698110580444, 1.2703909873962402, 1.4228867292404175, 1.2914117574691772, 1.1493991613388062, 1.0511488914489746, 1.1298459768295288, 0.9691279530525208, 0.7377926707267761, 0.7098557949066162, 0.7399816513061523, 0.7901995182037354, 0.8261807560920715, 0.8018296360969543, 0.9244841933250427, 0.9165059328079224, 0.7561680674552917, 0.774067223072052, 0.9762058258056641, 0.9695539474487305, 0.8479013442993164, 0.8347653746604919, 0.8890107870101929, 0.8636130690574646, 0.7957059741020203, 0.8819787502288818, 0.9686425924301147, 0.8315232992172241, 0.7263069748878479, 0.7685635089874268, 0.9794315099716187, 0.7707333564758301, 0.6441813111305237, 0.6067072153091431, 0.649135172367096, 0.9403084516525269, 0.7184008359909058, 0.6147447824478149, 0.6010162830352783, 0.8055055141448975, 1.0233261585235596, 0.7513632774353027, 0.6682496666908264, 0.6403557062149048, 0.865966260433197, 0.9157995581626892, 0.6453225612640381, 0.6454344987869263, 0.7164784669876099, 0.8509557843208313, 0.7748191356658936, 0.5964589715003967, 0.5862333178520203, 0.7110919952392578, 0.6320653557777405, 0.5694402456283569, 0.5487859845161438, 0.6880899667739868, 0.6719202399253845, 0.546570897102356, 0.5709834694862366, 0.7188833355903625, 0.6489854454994202, 0.6018227934837341, 0.6197805404663086, 0.5821176767349243, 0.5833837389945984, 0.4695473611354828, 0.47883403301239014, 0.7803875803947449, 0.6708870530128479, 0.523740828037262, 0.6206045746803284, 0.47746920585632324, 0.8724702000617981, 0.8307902216911316, 0.5230080485343933, 0.5748080015182495, 0.5738164782524109, 0.6977194547653198, 0.7646142244338989, 0.5908181667327881, 0.5202136039733887, 0.5156827569007874, 0.6360259652137756, 0.5732105374336243, 0.43018704652786255, 0.42686519026756287, 0.39316725730895996, 0.5199464559555054, 0.4251306653022766, 0.4249665439128876, 0.5069241523742676, 0.5403942465782166, 0.47719308733940125, 0.5009484887123108, 0.48232290148735046, 0.5147308111190796, 0.5350664854049683, 0.4997588098049164, 0.42922887206077576, 0.43283286690711975, 0.4618193209171295, 0.3851185739040375, 0.40614965558052063, 0.4466923773288727, 0.5998218655586243, 0.49381110072135925, 0.5250400304794312, 0.5144034624099731, 0.6425294876098633, 0.6532166600227356, 0.5498320460319519, 0.5277315378189087, 0.4985637366771698, 0.5483994483947754, 0.4137123227119446, 0.40815049409866333, 0.3978688418865204, 0.3789047300815582, 0.40572264790534973, 0.3892897665500641, 0.4919057786464691, 0.4930991530418396, 0.4191429615020752, 0.4108412265777588, 0.45989519357681274, 0.46165502071380615, 0.4101826548576355, 0.39995813369750977, 0.40896937251091003, 0.5061370730400085, 0.4506879150867462, 0.40535423159599304, 0.3978028893470764, 0.48505112528800964, 0.3954819142818451, 0.41392046213150024, 0.45020028948783875, 0.5705547332763672, 0.4640551805496216, 0.42110803723335266, 0.408841073513031, 0.4582664370536804, 0.5210238695144653, 0.39928534626960754, 0.3937518298625946, 0.4169764220714569, 0.488508939743042, 0.40873411297798157, 0.39537695050239563, 0.42450952529907227, 0.4351712167263031, 0.44317910075187683, 0.4075045585632324, 0.41813915967941284]

Validation loss : [5.504560470581055, 5.46481990814209, 5.2347092628479, 5.083427906036377, 5.036100387573242, 5.056389808654785, 5.105166435241699, 5.066349506378174, 4.953929901123047, 4.782287120819092, 4.554067611694336, 4.419735908508301, 4.4023966789245605, 4.311525821685791, 4.213287353515625, 4.042626857757568, 3.647916555404663, 3.24942684173584, 2.8756837844848633, 2.537689447402954, 2.210568428039551, 1.9109163284301758, 1.584625244140625, 1.2996995449066162, 1.0352692604064941, 0.7160195112228394, 0.6027126908302307, 0.6656943559646606, 0.7130544781684875, 0.6292871236801147, 0.6185008883476257, 0.4694921374320984, 0.41312041878700256, 0.4308971166610718, 0.37736746668815613, 0.48030611872673035, 0.49121949076652527, 0.5752724409103394, 0.7374735474586487, 0.7593065500259399, 0.8118820190429688, 0.8818245530128479, 0.9200802445411682, 0.9337623119354248, 0.931281328201294, 0.9298673272132874, 0.955990195274353, 0.8658870458602905, 0.8025174736976624, 0.7218416333198547, 0.7330626845359802, 0.6512936949729919, 0.5145760178565979, 0.4728458821773529, 0.5028774738311768, 0.539507269859314, 0.5225821137428284, 0.5478140115737915, 0.5827213525772095, 0.5771987438201904, 0.5929593443870544, 0.5586407780647278, 0.681957483291626, 0.6330523490905762, 0.6969463229179382, 0.6732891798019409, 0.5886946320533752, 0.574238657951355, 0.64501953125, 0.6797428727149963, 0.6421146392822266, 0.5338376760482788, 0.6074965000152588, 0.5990239977836609, 0.6472066640853882, 0.5194666385650635, 0.5355584025382996, 0.49423256516456604, 0.4824540615081787, 0.727832555770874, 0.5269007682800293, 0.5012959241867065, 0.47298693656921387, 0.5324915051460266, 0.7141245007514954, 0.5672386288642883, 0.5382455587387085, 0.5115451216697693, 0.6224464178085327, 0.6680759191513062, 0.5034874677658081, 0.5149896740913391, 0.5510909557342529, 0.6316869854927063, 0.5623018741607666, 0.4575435221195221, 0.45802074670791626, 0.5300643444061279, 0.4841398000717163, 0.38873526453971863, 0.4038347899913788, 0.5131487846374512, 0.47593703866004944, 0.4205450415611267, 0.4296683073043823, 0.5253404974937439, 0.4909733831882477, 0.4206383228302002, 0.43389809131622314, 0.4455670416355133, 0.4277835488319397, 0.3403947055339813, 0.3576742112636566, 0.5906912088394165, 0.4964577555656433, 0.3610982596874237, 0.44257652759552, 0.37938937544822693, 0.6639747023582458, 0.6218338012695312, 0.40831470489501953, 0.4515513479709625, 0.4758148193359375, 0.5180937647819519, 0.568698525428772, 0.4559108018875122, 0.41606467962265015, 0.3994019329547882, 0.4851362109184265, 0.45683395862579346, 0.30455994606018066, 0.31109845638275146, 0.3012975752353668, 0.42290037870407104, 0.3329043984413147, 0.3583483099937439, 0.3988639712333679, 0.4071395993232727, 0.37895089387893677, 0.3592650592327118, 0.35311493277549744, 0.3721823990345001, 0.4073197543621063, 0.3899351954460144, 0.3150727450847626, 0.34580355882644653, 0.371132493019104, 0.28992581367492676, 0.3373200595378876, 0.3731708526611328, 0.4528316855430603, 0.35938987135887146, 0.4420432150363922, 0.4225084185600281, 0.5163378119468689, 0.5106915831565857, 0.47223877906799316, 0.46630150079727173, 0.35328608751296997, 0.40414345264434814, 0.3391568064689636, 0.3247949182987213, 0.3039650619029999, 0.28758713603019714, 0.3156127333641052, 0.2948871850967407, 0.3823447823524475, 0.38070011138916016, 0.33506861329078674, 0.29916828870773315, 0.3600439727306366, 0.36551448702812195, 0.32130181789398193, 0.28822818398475647, 0.3236744701862335, 0.3904297351837158, 0.35674381256103516, 0.3090766966342926, 0.3216068148612976, 0.37218981981277466, 0.3207787275314331, 0.31328055262565613, 0.33931979537010193, 0.4384075999259949, 0.3607146441936493, 0.3067642152309418, 0.30211907625198364, 0.3618278205394745, 0.4183293581008911, 0.30217215418815613, 0.31718865036964417, 0.34697091579437256, 0.37895095348358154, 0.3194655179977417, 0.31350064277648926, 0.33296385407447815, 0.3227306604385376, 0.3321700990200043, 0.29379400610923767, 0.32711055874824524]

Train : [['100001', '100002', '100003', '100004', '100005', '100043', '100044', '100045', '100006', '100101', '100007', '100102', '100048', '100128', '100049', '100129', '100075', '100151', '100076', '100152', '100084', '100160', '100085', '100008', '100009', '100050', '100051', '100077', '100078', '100086', '100087', '100010', '100011', '100052', '100053', '100079', '100080', '100088', '100089', '100012', '100013', '100056', '100081', '100082', '100090', '100091', '100014', '100083', '100092']]

Test  : [['100015', '100016', '100017', '100020', '100110', '100021', '100111', '100066', '100144', '100067', '100145', '100022', '100023', '100068', '100069', '100024', '100025', '100070', '100071', '100026', '100027', '100072', '100073', '100028', '100074']]

Val  : [['100029', '100030', '100031', '100034', '100119', '100035', '100120', '100057', '100137', '100058', '100138', '100036', '100037', '100059', '100060', '100038', '100039', '100061', '100062', '100040', '100041', '100063', '100064', '100042', '100065']]

