Name : 2024.09.04.15.21.20
Type : mo_asy

Batch size : 1000
Epochs : 300
Validation split : 0.2
Feats : 12
Res list : ['er_idf']
Train size : 49
Val size : 25
Test size : 25
Split type : dep
Additional info : [['92', '75', '9293', '9394'], ['93', '7594'], ['94', '7592']]

Test root_mean_squared_error : 0.5243161916732788
Test loss : 0.32959309220314026

Summary :

Model: "functional"
+--------------------------------------------------------------------------------------+
| Layer (type)                         | Output Shape                |         Param # |
|--------------------------------------+-----------------------------+-----------------|
| input_layer (InputLayer)             | (None, 12)                  |               0 |
|--------------------------------------+-----------------------------+-----------------|
| dense (Dense)                        | (None, 512)                 |           6,656 |
|--------------------------------------+-----------------------------+-----------------|
| dense_1 (Dense)                      | (None, 256)                 |         131,328 |
|--------------------------------------+-----------------------------+-----------------|
| dense_2 (Dense)                      | (None, 128)                 |          32,896 |
|--------------------------------------+-----------------------------+-----------------|
| er_idf (Dense)                       | (None, 1)                   |             129 |
+--------------------------------------------------------------------------------------+
 Total params: 513,029 (1.96 MB)
 Trainable params: 171,009 (668.00 KB)
 Non-trainable params: 0 (0.00 B)
 Optimizer params: 342,020 (1.30 MB)

root_mean_squared_error : [7.761402606964111, 8.42231273651123, 8.035411834716797, 7.475338459014893, 6.950362205505371, 6.538088321685791, 6.172524452209473, 5.843319416046143, 5.497427463531494, 5.08843994140625, 4.662306785583496, 4.16931676864624, 3.7353975772857666, 3.404254674911499, 3.1909139156341553, 2.9909591674804688, 2.937147378921509, 2.733150005340576, 2.4337170124053955, 2.2579562664031982, 2.034536361694336, 1.717063546180725, 1.3860232830047607, 1.232349157333374, 1.0782039165496826, 0.976800799369812, 0.9828147292137146, 0.9526011347770691, 1.057169795036316, 1.1894865036010742, 1.2546685934066772, 1.3231089115142822, 1.330854058265686, 1.2701555490493774, 1.1672226190567017, 1.1353812217712402, 1.1252176761627197, 1.0983999967575073, 0.9735589027404785, 0.9256554245948792, 0.8398116230964661, 0.7003943920135498, 0.6854076385498047, 0.7521482706069946, 0.755820631980896, 0.7746425271034241, 0.7013921141624451, 0.7040043473243713, 0.6897805333137512, 0.7572903633117676, 0.8471159934997559, 0.7340720295906067, 0.6274858117103577, 0.6140849590301514, 0.6131365895271301, 0.6423456072807312, 0.5871105194091797, 0.5915564298629761, 0.6108846068382263, 0.6192795634269714, 0.6651117205619812, 0.642462968826294, 0.606599748134613, 0.5796162486076355, 0.607984185218811, 0.5648385286331177, 0.5135558247566223, 0.5229803919792175, 0.5318376421928406, 0.5388486981391907, 0.5035479664802551, 0.5111412405967712, 0.5285809636116028, 0.602347195148468, 0.5048584342002869, 0.48801684379577637, 0.489580363035202, 0.5217199921607971, 0.46099066734313965, 0.46574467420578003, 0.492937296628952, 0.5035717487335205, 0.45963695645332336, 0.45995664596557617, 0.5470678210258484, 0.4978141188621521, 0.4517766237258911, 0.4394180476665497, 0.4962984323501587, 0.47310006618499756, 0.4497373700141907, 0.4716639220714569, 0.554775059223175, 0.4445086121559143, 0.45286107063293457, 0.47275567054748535, 0.5093910694122314, 0.4203679859638214, 0.4832255244255066, 0.4844211935997009, 0.41744929552078247, 0.415223091840744, 0.5074543356895447, 0.4057113230228424, 0.40286242961883545, 0.4284338057041168, 0.4708440601825714, 0.4359545111656189, 0.4942743182182312, 0.4868190288543701, 0.5444314479827881, 0.5124393701553345, 0.4314740300178528, 0.43788307905197144, 0.4470663070678711, 0.43616968393325806, 0.4485045075416565, 0.4347197413444519, 0.5127437114715576, 0.46045711636543274, 0.5334275960922241, 0.4625304341316223, 0.4203767478466034, 0.45497003197669983, 0.5096601247787476, 0.4234335422515869, 0.44733572006225586, 0.4786251485347748, 0.5392354726791382, 0.42623627185821533, 0.43004533648490906, 0.39801695942878723, 0.5788259506225586, 0.4535951614379883, 0.4176327586174011, 0.41168084740638733, 0.3767640292644501, 0.4096778333187103, 0.3645811080932617, 0.4769388437271118, 0.35629740357398987, 0.5998873710632324, 0.4766312837600708, 0.4799792766571045, 0.6342602968215942, 0.3870583176612854, 0.5035834312438965, 0.49488118290901184, 0.33741363883018494, 0.4551519453525543, 0.34974315762519836, 0.5501662492752075, 0.45359617471694946, 0.3968544900417328, 0.5210817456245422, 0.3742421269416809, 0.3681921362876892, 0.4266193211078644, 0.3512834310531616, 0.4229772984981537, 0.40318119525909424, 0.4571497142314911, 0.34324896335601807, 0.40963438153266907, 0.41882872581481934, 0.3518359363079071, 0.41151824593544006, 0.39396488666534424, 0.3283860683441162, 0.4381464123725891, 0.35278448462486267, 0.43230149149894714, 0.33606863021850586, 0.3730520009994507, 0.35337594151496887, 0.3342862129211426, 0.477369099855423, 0.3268173038959503, 0.369133323431015, 0.33863478899002075, 0.39096498489379883, 0.37547412514686584, 0.3345956802368164, 0.3480647802352905, 0.2987452447414398, 0.3923601806163788, 0.2898157238960266, 0.34563907980918884, 0.289418488740921, 0.444497674703598, 0.330001562833786, 0.4072527587413788, 0.4307301938533783, 0.3529242277145386, 0.520675003528595, 0.3445708453655243, 0.3733871877193451, 0.3818798065185547, 0.2773129642009735, 0.47398537397384644, 0.2991368770599365, 0.3966982960700989, 0.38091716170310974, 0.2848565876483917, 0.47486612200737, 0.2985979914665222, 0.4079660475254059, 0.4108107388019562, 0.2720387578010559, 0.4080389142036438, 0.28288406133651733, 0.41739892959594727, 0.36932840943336487, 0.294005811214447, 0.43505263328552246, 0.29027655720710754, 0.4135059714317322, 0.3830983638763428, 0.31653788685798645, 0.3844108581542969, 0.2815394103527069, 0.3084431290626526, 0.28796496987342834, 0.3539021611213684, 0.28222519159317017, 0.27911078929901123, 0.29599660634994507, 0.2983291447162628, 0.2692098915576935, 0.32829776406288147, 0.2958102226257324, 0.2899351418018341, 0.29951876401901245, 0.262320876121521, 0.29263508319854736, 0.3149148225784302, 0.2862508296966553, 0.24937361478805542, 0.2891870439052582, 0.27378079295158386, 0.2884220778942108, 0.2509814202785492, 0.243303120136261, 0.260486364364624, 0.3022885024547577, 0.2731826603412628, 0.25485721230506897, 0.3102308213710785, 0.22979095578193665, 0.28753069043159485, 0.27168354392051697, 0.2296622097492218, 0.35485297441482544, 0.28117814660072327, 0.3765546977519989, 0.2700664699077606, 0.3817792236804962, 0.3360784351825714, 0.3285254240036011, 0.36455264687538147, 0.2891325056552887, 0.31859979033470154, 0.2543206214904785, 0.28717026114463806, 0.3107706606388092, 0.2769480049610138, 0.3299737572669983, 0.23620067536830902, 0.32742196321487427, 0.2747066020965576, 0.3564784526824951, 0.3123016655445099, 0.3244878947734833, 0.34725356101989746, 0.29248690605163574, 0.3333209753036499, 0.2539866268634796, 0.37096646428108215, 0.31957200169563293, 0.37409305572509766, 0.34712547063827515, 0.2627982199192047, 0.4003380537033081, 0.3056647479534149, 0.3124596178531647, 0.2709660828113556, 0.3405914008617401, 0.2481963336467743, 0.30137789249420166, 0.2649741470813751, 0.285939484834671, 0.31546202301979065, 0.25760284066200256, 0.2960636615753174, 0.2514144778251648, 0.2530478239059448, 0.2804441750049591, 0.2952684164047241, 0.2338332086801529, 0.3578477203845978]

Loss : [4.7572760581970215, 4.694146156311035, 4.469883441925049, 4.349647521972656, 4.262735366821289, 4.133636474609375, 3.9871857166290283, 3.835561990737915, 3.669064521789551, 3.462040424346924, 3.2549936771392822, 2.9975807666778564, 2.731168270111084, 2.4690186977386475, 2.2998275756835938, 2.095123052597046, 1.987697958946228, 1.921582579612732, 1.6763936281204224, 1.5709080696105957, 1.3715367317199707, 1.157729983329773, 0.9961221814155579, 0.9872710704803467, 0.8580293655395508, 0.7289942502975464, 0.626548171043396, 0.6263940930366516, 0.7487058639526367, 0.7125364542007446, 0.8321855664253235, 0.8408767580986023, 0.8495630621910095, 0.8081228137016296, 0.7211576104164124, 0.7073814272880554, 0.7145138382911682, 0.7460381388664246, 0.6045295596122742, 0.5643104910850525, 0.5328313708305359, 0.5349999070167542, 0.5202540755271912, 0.5550655722618103, 0.5392369031906128, 0.5670938491821289, 0.5085741281509399, 0.5491524934768677, 0.5205134153366089, 0.5109022855758667, 0.5548117756843567, 0.4818209409713745, 0.44245558977127075, 0.4298091530799866, 0.41938701272010803, 0.45145368576049805, 0.408649742603302, 0.3880525231361389, 0.3927401006221771, 0.3838725984096527, 0.429830938577652, 0.37025943398475647, 0.39090317487716675, 0.3721270263195038, 0.37786829471588135, 0.36916449666023254, 0.33412662148475647, 0.3419661223888397, 0.32238680124282837, 0.3230777382850647, 0.30466413497924805, 0.349304735660553, 0.31850144267082214, 0.35358357429504395, 0.29569995403289795, 0.3433173894882202, 0.3006919026374817, 0.35643795132637024, 0.2964765429496765, 0.320133239030838, 0.30073609948158264, 0.31665322184562683, 0.3044779598712921, 0.2945776581764221, 0.3391866981983185, 0.3226422369480133, 0.31341516971588135, 0.2950165569782257, 0.3458612263202667, 0.30874744057655334, 0.32826948165893555, 0.3288549780845642, 0.3523785471916199, 0.2794860601425171, 0.31077516078948975, 0.29998746514320374, 0.37743598222732544, 0.308279812335968, 0.3364613652229309, 0.27860215306282043, 0.2816009521484375, 0.25814104080200195, 0.3002345561981201, 0.2632076144218445, 0.28078198432922363, 0.3002125024795532, 0.32815223932266235, 0.3083573877811432, 0.3813425302505493, 0.35716375708580017, 0.40518760681152344, 0.38066649436950684, 0.3279260993003845, 0.3359259068965912, 0.3133164644241333, 0.30722737312316895, 0.318948894739151, 0.2749556303024292, 0.3956826627254486, 0.3303298056125641, 0.3805580139160156, 0.3467119038105011, 0.31587815284729004, 0.3266664147377014, 0.34091782569885254, 0.32314085960388184, 0.354473739862442, 0.3753420412540436, 0.3761652708053589, 0.30807197093963623, 0.3342586159706116, 0.2695387303829193, 0.38630664348602295, 0.28249141573905945, 0.32832831144332886, 0.31987646222114563, 0.27998578548431396, 0.3085220754146576, 0.2741250693798065, 0.3675563931465149, 0.24272210896015167, 0.4413447380065918, 0.33916333317756653, 0.3596876561641693, 0.4693489074707031, 0.25420019030570984, 0.39466893672943115, 0.3730655312538147, 0.23104088008403778, 0.36435046792030334, 0.2537568211555481, 0.37036287784576416, 0.2986762523651123, 0.2998531758785248, 0.3740883767604828, 0.2692105174064636, 0.28219154477119446, 0.30349376797676086, 0.23908375203609467, 0.3297010064125061, 0.2625966966152191, 0.30130186676979065, 0.2555936276912689, 0.31671470403671265, 0.3105233609676361, 0.2736392021179199, 0.3066409230232239, 0.2826121151447296, 0.23369859158992767, 0.36672449111938477, 0.258762389421463, 0.30344510078430176, 0.2240486592054367, 0.28870871663093567, 0.27240079641342163, 0.24593359231948853, 0.33165132999420166, 0.21440953016281128, 0.2941938042640686, 0.2636566162109375, 0.2672245502471924, 0.2558124363422394, 0.26480188965797424, 0.27809423208236694, 0.21133799850940704, 0.2702213525772095, 0.2078150510787964, 0.2707652747631073, 0.20217132568359375, 0.30598053336143494, 0.21325819194316864, 0.3159743547439575, 0.32049041986465454, 0.2664034068584442, 0.4048445224761963, 0.27383357286453247, 0.2712157964706421, 0.29405349493026733, 0.1948406845331192, 0.33929798007011414, 0.19876539707183838, 0.3156411051750183, 0.2985055446624756, 0.21487170457839966, 0.35531607270240784, 0.20609652996063232, 0.3282912075519562, 0.32545027136802673, 0.19432219862937927, 0.3038080036640167, 0.21875743567943573, 0.30385199189186096, 0.2731386423110962, 0.2115020751953125, 0.31586116552352905, 0.21911317110061646, 0.3402164578437805, 0.3087157607078552, 0.26062384247779846, 0.295058012008667, 0.21857662498950958, 0.24113596975803375, 0.2169230580329895, 0.2476641833782196, 0.21863029897212982, 0.202493816614151, 0.23049218952655792, 0.2510219216346741, 0.18149465322494507, 0.25977814197540283, 0.21439141035079956, 0.22057035565376282, 0.2392341047525406, 0.20244045555591583, 0.2239621877670288, 0.22294917702674866, 0.2142961025238037, 0.18512457609176636, 0.23516802489757538, 0.20669542253017426, 0.19903813302516937, 0.20377707481384277, 0.20266856253147125, 0.20193326473236084, 0.23536667227745056, 0.22650399804115295, 0.20642432570457458, 0.23824381828308105, 0.18475356698036194, 0.22846639156341553, 0.23313643038272858, 0.17428743839263916, 0.2788187265396118, 0.22139360010623932, 0.31522536277770996, 0.2135566920042038, 0.3257795572280884, 0.2822341024875641, 0.2818238139152527, 0.29962098598480225, 0.2436147928237915, 0.2685795724391937, 0.20084252953529358, 0.22200754284858704, 0.2502139210700989, 0.21092434227466583, 0.259151428937912, 0.19815205037593842, 0.2747429609298706, 0.2277631163597107, 0.2932744026184082, 0.25198695063591003, 0.2729346454143524, 0.28630372881889343, 0.22204945981502533, 0.27496182918548584, 0.21254216134548187, 0.29563066363334656, 0.2402818202972412, 0.30790138244628906, 0.2799687385559082, 0.21466952562332153, 0.2938210666179657, 0.24122774600982666, 0.2614043653011322, 0.22214262187480927, 0.22867543995380402, 0.1804363876581192, 0.25055447220802307, 0.21474210917949677, 0.2284715622663498, 0.23463650047779083, 0.22039157152175903, 0.2475062608718872, 0.18901896476745605, 0.1958664506673813, 0.21190223097801208, 0.22019067406654358, 0.17950575053691864, 0.2632288336753845]

Validation root_mean_squared_error : [8.937128067016602, 8.688047409057617, 8.216680526733398, 7.7741007804870605, 7.48061466217041, 7.258584499359131, 7.102461338043213, 6.946279525756836, 6.723182678222656, 6.462935924530029, 6.070767402648926, 5.640317916870117, 5.341094970703125, 5.131849765777588, 5.001077175140381, 4.919983386993408, 4.381159782409668, 3.781567335128784, 3.4183473587036133, 3.1467204093933105, 2.799664258956909, 2.226663589477539, 1.760206937789917, 1.4693723917007446, 1.319873571395874, 1.1432616710662842, 0.7677057981491089, 0.714909017086029, 0.920304000377655, 0.9398467540740967, 1.0716784000396729, 1.129269003868103, 1.0456912517547607, 0.7747722864151001, 0.6425372958183289, 0.5943619608879089, 0.5867628455162048, 0.5532117486000061, 0.7544614672660828, 0.8566165566444397, 0.8366663455963135, 0.8704667687416077, 0.8856248259544373, 1.0182174444198608, 1.2127324342727661, 1.2228515148162842, 1.1783971786499023, 1.1362169981002808, 1.207641363143921, 1.3256583213806152, 1.2192941904067993, 0.9972029328346252, 0.8681402802467346, 0.8433285355567932, 0.8685194849967957, 0.7751720547676086, 0.6471586227416992, 0.6315398812294006, 0.7261967062950134, 0.8092964291572571, 0.7182921171188354, 0.647574782371521, 0.6970911026000977, 0.8114635348320007, 0.7983049154281616, 0.7297123670578003, 0.7380207777023315, 0.8457688689231873, 0.8815295696258545, 0.7958961725234985, 0.75083988904953, 0.8324159979820251, 0.9258844256401062, 0.797174334526062, 0.733036994934082, 0.819320023059845, 0.7979914546012878, 0.7949324250221252, 0.7366760969161987, 0.821402370929718, 0.8616216778755188, 0.7551354765892029, 0.7448318600654602, 0.939652144908905, 0.8406662344932556, 0.7784207463264465, 0.7689751982688904, 0.7739258408546448, 0.8104659914970398, 0.6657869219779968, 0.7064125537872314, 0.9043104648590088, 0.7303380370140076, 0.678533673286438, 0.7806286215782166, 0.8169549703598022, 0.6495677828788757, 0.7095394134521484, 0.8108190894126892, 0.6788128018379211, 0.7115374207496643, 0.8733927607536316, 0.7121897339820862, 0.6627353429794312, 0.7770100831985474, 0.7551462054252625, 0.6487805247306824, 0.679126501083374, 0.7131562829017639, 0.6570767760276794, 0.5977476835250854, 0.5414368510246277, 0.5536493062973022, 0.5478390455245972, 0.5338842868804932, 0.5915958285331726, 0.6258757710456848, 0.5939258933067322, 0.5880492329597473, 0.7442453503608704, 0.6165658831596375, 0.5547475814819336, 0.6004471778869629, 0.7574552297592163, 0.5897139310836792, 0.5308428406715393, 0.5807141065597534, 0.7567692399024963, 0.6062346696853638, 0.5298256874084473, 0.5773348808288574, 0.8186927437782288, 0.724465012550354, 0.5558483600616455, 0.5564721822738647, 0.6238057613372803, 0.6819712519645691, 0.5706084966659546, 0.5669113993644714, 0.5367342829704285, 0.904279887676239, 0.7629711627960205, 0.5660396814346313, 0.672771155834198, 0.543926477432251, 0.8019426465034485, 0.7949939370155334, 0.5378480553627014, 0.5352163910865784, 0.49403443932533264, 0.7773990631103516, 0.6661435961723328, 0.4743047058582306, 0.5697752237319946, 0.469654381275177, 0.5550637245178223, 0.6113833785057068, 0.4883849620819092, 0.523993968963623, 0.5630252957344055, 0.6149585247039795, 0.4927316904067993, 0.46316978335380554, 0.46242794394493103, 0.457906574010849, 0.5975445508956909, 0.5950638055801392, 0.47494468092918396, 0.49441012740135193, 0.43436869978904724, 0.5816896557807922, 0.45610684156417847, 0.4360722005367279, 0.42939212918281555, 0.4645635485649109, 0.6406213045120239, 0.4760970175266266, 0.4612605571746826, 0.4801079332828522, 0.5846856832504272, 0.5449127554893494, 0.44823867082595825, 0.4256841242313385, 0.43166351318359375, 0.5143943428993225, 0.39726412296295166, 0.39779818058013916, 0.42522385716438293, 0.6413063406944275, 0.544625461101532, 0.510260283946991, 0.5268715620040894, 0.5900458097457886, 0.7758932113647461, 0.5828468799591064, 0.5253733396530151, 0.5024662017822266, 0.4672092795372009, 0.6586598753929138, 0.4501439332962036, 0.46194085478782654, 0.4497376084327698, 0.4121587872505188, 0.612898051738739, 0.4431981146335602, 0.48529061675071716, 0.49147456884384155, 0.44953644275665283, 0.6061343550682068, 0.45871245861053467, 0.5027456283569336, 0.4642075002193451, 0.48583534359931946, 0.5719187259674072, 0.4470769762992859, 0.45433348417282104, 0.4246545732021332, 0.4069722294807434, 0.4457331895828247, 0.3707469403743744, 0.38534772396087646, 0.4037728011608124, 0.4622132182121277, 0.4302261769771576, 0.4139423072338104, 0.4295603334903717, 0.46318286657333374, 0.4478355646133423, 0.45244845747947693, 0.4290461540222168, 0.425337016582489, 0.40936151146888733, 0.3781554400920868, 0.36348873376846313, 0.3732350766658783, 0.38025814294815063, 0.37230610847473145, 0.4052300751209259, 0.3993508219718933, 0.4242333471775055, 0.3849489688873291, 0.38509854674339294, 0.3900652229785919, 0.40341562032699585, 0.4093419015407562, 0.38802123069763184, 0.4002665877342224, 0.3570486605167389, 0.407183974981308, 0.3797912895679474, 0.3685053586959839, 0.4614182412624359, 0.4321430027484894, 0.42939212918281555, 0.3731193542480469, 0.48084884881973267, 0.450654000043869, 0.3743300139904022, 0.424125999212265, 0.4491240382194519, 0.4819141626358032, 0.389215350151062, 0.384542852640152, 0.4161490499973297, 0.3796936273574829, 0.4168984591960907, 0.37672159075737, 0.4741133749485016, 0.43295133113861084, 0.4561299681663513, 0.39009448885917664, 0.4779333770275116, 0.441026896238327, 0.3979682922363281, 0.393690288066864, 0.4323524832725525, 0.46857061982154846, 0.45535528659820557, 0.45137712359428406, 0.46728891134262085, 0.39980411529541016, 0.4991969168186188, 0.39243295788764954, 0.41521933674812317, 0.40451914072036743, 0.446567565202713, 0.38278913497924805, 0.4573524594306946, 0.4245094358921051, 0.4139946699142456, 0.4287760853767395, 0.4013881981372833, 0.4234587252140045, 0.35898691415786743, 0.3740079998970032, 0.4173188805580139, 0.4297903776168823, 0.41014862060546875, 0.5075796246528625, 0.41693490743637085]

Validation loss : [5.491234302520752, 5.3832244873046875, 5.207813262939453, 5.081693649291992, 5.045767784118652, 5.038079261779785, 5.05917501449585, 5.03594446182251, 4.944604396820068, 4.8202409744262695, 4.6290283203125, 4.379309177398682, 4.24643611907959, 4.165368556976318, 3.9910900592803955, 3.839249610900879, 3.5169100761413574, 3.0918877124786377, 2.7459371089935303, 2.3933494091033936, 2.0251400470733643, 1.6284246444702148, 1.380013108253479, 1.129349708557129, 0.9215566515922546, 0.8316072821617126, 0.6020371913909912, 0.53531414270401, 0.5848768949508667, 0.764555037021637, 0.766266942024231, 0.7615231871604919, 0.6694889068603516, 0.5394167900085449, 0.5132258534431458, 0.4799124002456665, 0.4730963110923767, 0.40269455313682556, 0.5135003924369812, 0.5782285928726196, 0.6009469032287598, 0.6057473421096802, 0.6957348585128784, 0.7817192673683167, 0.8762229084968567, 0.8902551531791687, 0.8993252515792847, 0.88602614402771, 0.8911521434783936, 0.9008105397224426, 0.8055869936943054, 0.7253610491752625, 0.6642414331436157, 0.6199855804443359, 0.6178168654441833, 0.5404714345932007, 0.4612313210964203, 0.46357136964797974, 0.49353206157684326, 0.5698851943016052, 0.49353259801864624, 0.446460485458374, 0.45758047699928284, 0.5558967590332031, 0.541585385799408, 0.4915114641189575, 0.5271105766296387, 0.5551827549934387, 0.5672978758811951, 0.5499241948127747, 0.533867597579956, 0.552848756313324, 0.6307832598686218, 0.5499935150146484, 0.49829933047294617, 0.5299117565155029, 0.5803011059761047, 0.5172615647315979, 0.49542036652565, 0.5527265071868896, 0.550200343132019, 0.5040335655212402, 0.5185369849205017, 0.597183883190155, 0.5794129371643066, 0.5057277083396912, 0.5201759934425354, 0.5642983913421631, 0.5118439793586731, 0.4514107406139374, 0.5095763206481934, 0.5724457502365112, 0.45280569791793823, 0.4933716058731079, 0.5147488713264465, 0.5838192105293274, 0.4373891055583954, 0.5279515981674194, 0.5184637904167175, 0.4561469256877899, 0.4928538501262665, 0.5793408751487732, 0.4859369695186615, 0.48183491826057434, 0.5340859889984131, 0.5484830737113953, 0.5049733519554138, 0.4357583522796631, 0.4645538032054901, 0.5136929154396057, 0.47657477855682373, 0.3854632079601288, 0.42314040660858154, 0.41786491870880127, 0.42017871141433716, 0.43153882026672363, 0.43288952112197876, 0.4932177662849426, 0.46879497170448303, 0.5068425536155701, 0.4194575250148773, 0.44339683651924133, 0.4634987711906433, 0.5373684763908386, 0.40954384207725525, 0.4036349356174469, 0.47071799635887146, 0.5339597463607788, 0.43748852610588074, 0.3894616961479187, 0.44428306818008423, 0.5620970726013184, 0.47820502519607544, 0.41586926579475403, 0.41093453764915466, 0.45793330669403076, 0.5032045245170593, 0.4128113090991974, 0.42973271012306213, 0.408871054649353, 0.6825610995292664, 0.5725640058517456, 0.4353470206260681, 0.48631373047828674, 0.39448532462120056, 0.6326248645782471, 0.6122718453407288, 0.40958020091056824, 0.41765472292900085, 0.3895381689071655, 0.5778850317001343, 0.5027792453765869, 0.3565070331096649, 0.4296955168247223, 0.32577094435691833, 0.44066131114959717, 0.4739547073841095, 0.38814735412597656, 0.3871733546257019, 0.4073222279548645, 0.4648212194442749, 0.3860146999359131, 0.33218032121658325, 0.30972981452941895, 0.3469538390636444, 0.46431636810302734, 0.459931343793869, 0.3672858774662018, 0.4168681204319, 0.35084837675094604, 0.4538342356681824, 0.3455163538455963, 0.33323851227760315, 0.30649274587631226, 0.36886703968048096, 0.49941325187683105, 0.35590413212776184, 0.35594260692596436, 0.3549255132675171, 0.43485572934150696, 0.4128885269165039, 0.33063849806785583, 0.3155161738395691, 0.3132062256336212, 0.3903992176055908, 0.2905649244785309, 0.28331950306892395, 0.3249101936817169, 0.4824092984199524, 0.41021227836608887, 0.38945552706718445, 0.39846813678741455, 0.446338951587677, 0.590908944606781, 0.4518533945083618, 0.3896819055080414, 0.3695835769176483, 0.34368881583213806, 0.5062025189399719, 0.33449000120162964, 0.35271236300468445, 0.33798885345458984, 0.31386590003967285, 0.4843267798423767, 0.33483004570007324, 0.39083656668663025, 0.3927229344844818, 0.32724258303642273, 0.4772314727306366, 0.34050706028938293, 0.3723221719264984, 0.35074666142463684, 0.3609025180339813, 0.44328930974006653, 0.367186039686203, 0.3337167501449585, 0.3077111542224884, 0.32994064688682556, 0.3492743670940399, 0.27504202723503113, 0.2989104986190796, 0.29302847385406494, 0.3431369662284851, 0.3174445331096649, 0.2940980792045593, 0.32181334495544434, 0.3470076620578766, 0.3229767084121704, 0.3586674630641937, 0.3165040910243988, 0.32232391834259033, 0.3108394145965576, 0.27710428833961487, 0.2605682611465454, 0.2894119620323181, 0.2892134189605713, 0.2706425189971924, 0.3110246956348419, 0.30611592531204224, 0.313874214887619, 0.2746688723564148, 0.3056207001209259, 0.2989880442619324, 0.3099882900714874, 0.3205356299877167, 0.2935781478881836, 0.3032148778438568, 0.26211103796958923, 0.2982301712036133, 0.29015979170799255, 0.26901280879974365, 0.3643634021282196, 0.33194267749786377, 0.33058807253837585, 0.27724406123161316, 0.39192646741867065, 0.36150604486465454, 0.28886500000953674, 0.32636964321136475, 0.34681686758995056, 0.36872032284736633, 0.30692049860954285, 0.29723525047302246, 0.33776307106018066, 0.3031265437602997, 0.3027014434337616, 0.28072673082351685, 0.3658570945262909, 0.3294979929924011, 0.3557540476322174, 0.3079742193222046, 0.38621580600738525, 0.3456622362136841, 0.2772868275642395, 0.2980245351791382, 0.3231053054332733, 0.3383820354938507, 0.3269709646701813, 0.3571762442588806, 0.34889107942581177, 0.3170057237148285, 0.3824304938316345, 0.2734985649585724, 0.3367488980293274, 0.344590961933136, 0.32321685552597046, 0.2709435820579529, 0.3577963709831238, 0.3258987069129944, 0.31053322553634644, 0.3124476373195648, 0.3208314776420593, 0.3306128680706024, 0.26704075932502747, 0.2698201835155487, 0.3135496973991394, 0.32471248507499695, 0.29245448112487793, 0.3813217580318451, 0.308019757270813]

Train : [['100001', '100002', '100003', '100004', '100005', '100043', '100044', '100045', '100006', '100101', '100007', '100102', '100048', '100128', '100049', '100129', '100075', '100151', '100076', '100152', '100084', '100160', '100085', '100008', '100009', '100050', '100051', '100077', '100078', '100086', '100087', '100010', '100011', '100052', '100053', '100079', '100080', '100088', '100089', '100012', '100013', '100056', '100081', '100082', '100090', '100091', '100014', '100083', '100092']]

Test  : [['100015', '100016', '100017', '100020', '100110', '100021', '100111', '100066', '100144', '100067', '100145', '100022', '100023', '100068', '100069', '100024', '100025', '100070', '100071', '100026', '100027', '100072', '100073', '100028', '100074']]

Val  : [['100029', '100030', '100031', '100034', '100119', '100035', '100120', '100057', '100137', '100058', '100138', '100036', '100037', '100059', '100060', '100038', '100039', '100061', '100062', '100040', '100041', '100063', '100064', '100042', '100065']]

